0.1
0.0999592366757261
0.0998206770131431
0.0995844402233511
0.0992507407799112
0.0988198882314639
0.0982922869243183
0.0976684356351825
0.0969489271142662
0.0961344475390509
0.0952257758790848
0.0942237831722258
0.0931294317128206
0.0919437741523759
0.0906679525133458
0.0893031971167298
0.0878508254242477
0.0863122407959300
0.0846889311640389
0.0829824676243091
0.0811945029455797
0.0793267699989630
0.0773810801077823
0.0753593213195893
0.0732634566016591
0.0710955219614424
0.0688576244935438
0.0665519403548789
0.0641807126697531
0.0617462493666892
0.0592509209489231
0.0566971582005705
0.0540874498305563
0.0514243400564854
0.0487104261307187
0.0459483558109997
0.0431408247780641
0.0402905740027406
0.0374003870651305
0.0344730874285320
0.0315115356708410
0.0285186266762361
0.0254972867900157
0.0224504709395202
0.0193811597241266
0.0162923564773576
0.0131870843041959
0.0100683830967344
0.00693930653133544
0.00380291905050155
0.000662292832688476
-0.00247949524668638
-0.00561936665977235
-0.00875424427307211
-0.0118810553932040
-0.0149967348083594
-0.0180982278221811
-0.0211824932768043
-0.0242465065618172
-0.0272872626059278
-0.0303017788481489
-0.0332870981853529
-0.0362402918930870
-0.0391584625165860
-0.0420387467289694
-0.0448783181536674
-0.0476743901481763
-0.0504242185463115
-0.0531251043561893
-0.0557743964112422
-0.0583694939716450
-0.0609078492736063
-0.0633869700240570
-0.0658044218383502
-0.0681578306186696
-0.0704448848709259
-0.0726633379580088
-0.0748110102873455
-0.0768857914308059
-0.0788856421750804
-0.0808085965007422
-0.0826527634882953
-0.0844163291495936
-0.0860975581831017
-0.0876947956515548
-0.0892064685806556
-0.0906310874775312
-0.0919672477677507
-0.0932136311497880
-0.0943690068658868
-0.0954322328883659
-0.0964022570204744
-0.0972781179109808
-0.0980589459817519
-0.0987439642676454
-0.0993324891681104
-0.0998239311099569
-0.100217795120818
-0.100513681312901
-0.100711285276670
-0.100810398384197
-0.100810908001932
-0.100712797612761
-0.100516146847228
-0.100221131423901
-0.0998280229988869
-0.0993371889245959
-0.0987490919178815
-0.0980642896377739
-0.0972834341730684
-0.0964072714401022
-0.0954366404911136
-0.0943724727336450
-0.0932157910615170
-0.0919677088979681
-0.0906294291516282
-0.0892022430860589
-0.0876875291036726
-0.0860867514449146
-0.0844014588036675
-0.0826332828599168
-0.0807839367307980
-0.0788552133412212
-0.0768489837153586
-0.0747671951903602
-0.0726118695537492
-0.0703851011060362
-0.0680890546501777
-0.0657259634095929
-0.0632981268765418
-0.0608079085927552
-0.0582577338642974
-0.0556500874127311
-0.0529875109647397
-0.0502726007824517
-0.0475080051367972
-0.0446964217263090
-0.0418405950438655
-0.0389433136939514
-0.0360074076630898
-0.0330357455461748
-0.0300312317315045
-0.0269968035473824
-0.0239354283732197
-0.0208501007181312
-0.0177438392700721
-0.0146196839186149
-0.0114806927545115
-0.00832993904922644
-0.00517050821766239
-0.00200549476732956
0.00116200076276517
0.00432887487021496
0.00749202416098844
0.0106483484215700
0.0137947536881501
0.0169281553095561
0.0200454810006253
0.0231436738827389
0.0262196955082576
0.0292705288656295
0.0322931813619742
0.0352846877799858
0.0382421132060432
0.0411625559264648
0.0440431502889003
0.0468810695259077
0.0496735285378315
0.0524177866321599
0.0551111502166118
0.0577509754432781
0.0603346708012162
0.0628596996549785
0.0653235827266336
0.0677239005189263
0.0700582956773030
0.0723244752886184
0.0745202131144251
0.0766433517568352
0.0786918047550320
0.0806635586105974
0.0825566747399074
0.0843692913519382
0.0860996252499097
0.0877459735552794
0.0893067153526871
0.0907803132545291
0.0921653148839294
0.0934603542749500
0.0946641531889656
0.0957755223462040
0.0967933625715289
0.0977166658536167
0.0985445163167522
0.0992760911045359
0.0999106611748690
0.100447592005647
0.100886344210657
0.101226474065253
0.101467633941417
0.101609572651918
0.101652135703304
0.101595265457551
0.101439001202234
0.101183479129175
0.100828932221532
0.100375690049419
0.0998241784741510
0.0991749192613055
0.0984285296028350
0.0975857215485376
0.0966473013472521
0.0956141686982110
0.0944873159130504
0.0932678269890429
0.0919568765941912
0.0905557289648876
0.0890657367169215
0.0874883395706858
0.0858250629915154
0.0840775167461640
0.0822473933765063
0.0803364665916367
0.0783465895796133
0.0762796932401850
0.0741377843399234
0.0719229435912674
0.0696373236570775
0.0672831470823865
0.0648627041551193
0.0623783506976497
0.0598325057911465
0.0572276494347557
0.0545663201417517
0.0518511124748811
0.0490846745232089
0.0462697053228645
0.0434089522241674
0.0405052082076966
0.0375613091519471
0.0345801310552927
0.0315645872150511
0.0285176253665147
0.0254422247848798
0.0223413933530693
0.0192181645985008
0.0160755947019074
0.0129167594813685
0.00974475135474736
0.00656267628377693
0.00337365070306180
0.000180798437296877
-0.00301275238997874
-0.00620387245275731
-0.00938943432072271
-0.0125663155558477
-0.0157314018040830
-0.0188815898788010
-0.0220137908326737
-0.0251249330146828
-0.0282119651089877
-0.0312718591524099
-0.0343016135273282
-0.0372982559268245
-0.0402588462889667
-0.0431804796971685
-0.0460602892436241
-0.0488954488528780
-0.0516831760626556
-0.0544207347591510
-0.0571054378640400
-0.0597346499705669
-0.0623057899261261
-0.0648163333588486
-0.0672638151457814
-0.0696458318203362
-0.0719600439167693
-0.0742041782495442
-0.0763760301255137
-0.0784734654869517
-0.0804944229835503
-0.0824369159715890
-0.0842990344385709
-0.0860789468517096
-0.0877749019287354
-0.0893852303295782
-0.0909083462675695
-0.0923427490388849
-0.0936870244690383
-0.0949398462753115
-0.0960999773440874
-0.0971662709221290
-0.0981376717209229
-0.0990132169332799
-0.0997920371614553
-0.100473357256124
-0.101056497065613
-0.101540872094862
-0.101925994073643
-0.102211471433650
-0.102397009694105
-0.102482411755625
-0.102467578102126
-0.102352506910613
-0.102137294068774
-0.101822133100334
-0.101407314998217
-0.100893227965594
-0.100280357064969
-0.0995692837755335
-0.0987606854590422
-0.0978553347345710
-0.0968540987625510
-0.0957579384385519
-0.0945679074973535
-0.0932851515279116
-0.0919109068998960
-0.0904464996025498
-0.0888933439966935
-0.0872529414807738
-0.0855268790719337
-0.0837168279031597
-0.0818245416376449
-0.0798518548015868
-0.0778006810367264
-0.0756730112740184
-0.0734709118299107
-0.0711965224268011
-0.0688520541393259
-0.0664397872682290
-0.0639620691436470
-0.0614213118597397
-0.0588199899426863
-0.0561606379541566
-0.0534458480324584
-0.0506782673736515
-0.0478605956550054
-0.0449955824032659
-0.0420860243102789
-0.0391347624986032
-0.0361446797398222
-0.0331186976283417
-0.0300597737135354
-0.0269708985931661
-0.0238550929710803
-0.0207154046822317
-0.0175549056881469
-0.0143766890460010
-0.0111838658545118
-0.00797956217991011
-0.00476691596527227
-0.00154907392653693
0.00167081156145117
0.00488958558550790
0.00810409381791239
0.0113111856400653
0.0145077172626221
0.0176905548387281
0.0208565775669923
0.0240026807808584
0.0271257790210533
0.0302228090878258
0.0332907330697220
0.0363265413456889
0.0393272555573393
0.0422899315482701
0.0452116622673749
0.0480895806331597
0.0509208623561331
0.0537027287164107
0.0564324492937490
0.0591073446472995
0.0617247889424521
0.0642822125222187
0.0667771044206949
0.0692070148162185
0.0715695574219360
0.0738624118115737
0.0760833256783015
0.0782301170246650
0.0803006762816566
0.0822929683550804
0.0842050345974606
0.0860349947038310
0.0877810485298302
0.0894414778306166
0.0910146479192031
0.0924990092428958
0.0938930988766055
0.0951955419318804
0.0964050528805920
0.0975204367922809
0.0985405904842486
0.0994645035835540
0.100291259500147
0.101020036310446
0.101650107550725
0.102180842919762
0.102611708890245
0.102942269228523
0.103172185422318
0.103301217016119
0.103329221854006
0.103256156229728
0.103082074943930
0.102807131268449
0.102431576817719
0.101955761327310
0.101380132339763
0.100705234797886
0.0999317105457650
0.0990602977378103
0.0980918301562094
0.0970272364372267
0.0958675392068643
0.0946138541264581
0.0932673888488580
0.0918294418859112
0.0903014013880415
0.0886847438367924
0.0869810326512806
0.0851919167095836
0.0833191287861677
0.0813644839065447
0.0793298776204317
0.0772172841947717
0.0750287547280630
0.0727664151875338
0.0704324643707874
0.0680291717936351
0.0655588755059272
0.0630239798372807
0.0604269530746993
0.0577703250741704
0.0550566848084155
0.0522886778530641
0.0494690038136075
0.0466004136955798
0.0436857072204994
0.0407277300901876
0.0377293712021648
0.0346935598189029
0.0316232626937870
0.0285214811567146
0.0253912481623268
0.0222356253039309
0.0190576997962325
0.0158605814300528
0.0126473995022521
0.00942129972412971
0.00618544111160592
0.00294299286052608
-0.000302868789545553
-0.00354896369965410
-0.00679211098050085
-0.0100291321427965
-0.0132568542455056
-0.0164721130385719
-0.0196717560967226
-0.0228526459409677
-0.0260116631444309
-0.0291457094191790
-0.0322517106807489
-0.0353266200871131
-0.0383674210488682
-0.0413711302074831
-0.0443348003784980
-0.0472555234566263
-0.0501304332797764
-0.0529567084490790
-0.0557315751020769
-0.0584523096363146
-0.0611162413806386
-0.0637207552116049
-0.0662632941124753
-0.0687413616723668
-0.0711525245232103
-0.0734944147122620
-0.0757647320080026
-0.0779612461373494
-0.0800817989521993
-0.0821243065234097
-0.0840867611604200
-0.0859672333548005
-0.0877638736461133
-0.0894749144085509
-0.0910986715569130
-0.0926335461705626
-0.0940780260340913
-0.0954306870935054
-0.0966901948268251
-0.0978553055280713
-0.0989248675036880
-0.0998978221805302
-0.100773205124615
-0.101550146969911
-0.102227874256506
-0.102805710177573
-0.103283075234599
-0.103659487800443
-0.103934564589810
-0.104108021036830
-0.104179671579474
-0.104149429850595
-0.104017308775465
-0.103783420575717
-0.103447976679671
-0.103011287539090
-0.102473762352457
-0.101835908694941
-0.101098332055270
-0.100261735279797
-0.0993269179241136
-0.0982947755126136
-0.0971662987065007
-0.0959425723807765
-0.0946247746108344
-0.0932141755693434
-0.0917121363341871
-0.0901201076082918
-0.0884396283522608
-0.0866723243308043
-0.0848199065740419
-0.0828841697548313
-0.0808669904833660
-0.0787703255203682
-0.0765962099102929
-0.0743467550360467
-0.0720241465968174
-0.0696306425107008
-0.0671685707439036
-0.0646403270683956
-0.0620483727499774
-0.0593952321688216
-0.0566834903746416
-0.0539157905787326
-0.0510948315852213
-0.0482233651639522
-0.0453041933675260
-0.0423401657950926
-0.0393341768055860
-0.0362891626831688
-0.0332080987577345
-0.0300939964833883
-0.0269499004778998
-0.0237788855261893
-0.0205840535509675
-0.0173685305537134
-0.0141354635292194
-0.0108880173569888
-0.00762937167280564
-0.00436271772383747
-0.00109125521066065
0.00218181088037906
0.00545327345103832
0.00871992646783738
0.0119785681380621
0.0152260040816590
0.0184590504955845
0.0216745373071800
0.0248693113131691
0.0280402393008956
0.0311842111484555
0.0342981429004127
0.0373789798158339
0.0404236993854251
0.0434293143146089
0.0463928754694388
0.0493114747823127
0.0521822481145142
0.0550023780726847
0.0577690967764030
0.0604796885741291
0.0631314927048529
0.0657219059028687
0.0682483849431892
0.0707084491251949
0.0730996826922122
0.0754197371847968
0.0776663337255997
0.0798372652337772
0.0819303985670065
0.0839436765892555
0.0858751201625499
0.0877228300610729
0.0894849888060207
0.0911598624197280
0.0927458020976655
0.0942412457969967
0.0956447197404675
0.0969548398344829
0.0981703130003087
0.0992899384174131
0.100312608678041
0.101237310852190
0.102063127462229
0.102789237366471
0.103414916551088
0.103939538829809
0.104362576450933
0.104683600611219
0.104902281876325
0.105018390507475
0.105031796694156
0.104942470692644
0.104750482870286
0.104456003655455
0.104059303393226
0.103560752106813
0.102960819164933
0.102260072855262
0.101459179864270
0.100558904663734
0.0995601088043237
0.0984637501167130
0.0972708818207324
0.0959826515431499
0.0946003002447403
0.0931251610573726
0.0915586580319226
0.0899023047978899
0.0881577031356821
0.0863265414626068
0.0844105932336945
0.0824117152585604
0.0803318459356008
0.0781730034049057
0.0759372836213591
0.0736268583494924
0.0712439730817440
0.0687909448818756
0.0662701601553877
0.0636840723488711
0.0610351995803267
0.0583261222025816
0.0555594803020195
0.0527379711349435
0.0498643465039736
0.0469414100769797
0.0439720146511346
0.0409590593647591
0.0379054868597180
0.0348142803972038
0.0316884609298229
0.0285310841329770
0.0253452373985954
0.0221340367943470
0.0189006239915165
0.0156481631647870
0.0123798378672227
0.00909884788378798
0.00580840606678163
0.00251173515659628
-0.000787935408759753
-0.00408737269191864
-0.00738334345871412
-0.0106726173815660
-0.0139519702402045
-0.0172181871162571
-0.0204680655782286
-0.0236984188534285
-0.0269060789834163
-0.0300878999595736
-0.0332407608354408
-0.0363615688125042
-0.0394472622961634
-0.0424948139186622
-0.0455012335258275
-0.0484635711245196
-0.0513789197877678
-0.0542444185146356
-0.0570572550419352
-0.0598146686049919
-0.0625139526447381
-0.0651524574585045
-0.0677275927919611
-0.0702368303697518
-0.0726777063624554
-0.0750478237876004
-0.0773448548425505
-0.0795665431671760
-0.0817107060343161
-0.0837752364661326
-0.0857581052745500
-0.0876573630240678
-0.0894711419153229
-0.0911976575878731
-0.0928352108407589
-0.0943821892694905
-0.0958370688181926
-0.0971984152457244
-0.0984648855046736
-0.0996352290322052
-0.100708288951824
-0.101683003185182
-0.102558405473148
-0.103333626305417
-0.104007893758004
-0.104580534238065
-0.105050973135509
-0.105418735380982
-0.105683445909812
-0.105844830031629
-0.105902713705379
-0.105857023719548
-0.105707787777472
-0.105455134487635
-0.105099293258967
-0.104640594101177
-0.104079467330226
-0.103416443179119
-0.102652151314237
-0.101787320257510
-0.100822776714781
-0.0997594448107848
-0.0985983452312428
-0.0973405942726096
-0.0959874028001176
-0.0945400751148111
-0.0930000077303442
-0.0913686880603939
-0.0896476930176152
-0.0878386875251463
-0.0859434229417550
-0.0839637354018010
-0.0819015440712745
-0.0797588493212611
-0.0775377308202723
-0.0752403455469705
-0.0728689257249149
-0.0704257766810424
-0.0679132746296973
-0.0653338643841184
-0.0626900569973846
-0.0599844273349205
-0.0572196115807573
-0.0543983046798372
-0.0515232577187487
-0.0485972752473670
-0.0456232125439700
-0.0426039728264859
-0.0395425044126163
-0.0364417978316628
-0.0333048828909639
-0.0301348256999288
-0.0269347256547233
-0.0237077123867365
-0.0204569426780168
-0.0171855973469280
-0.0138968781073274
-0.0105940044046178
-0.00728021023206796
-0.00395874093083049
-0.000632849977120056
0.00269420423996481
0.00601916164647271
0.00933876371396987
0.0126497566887317
0.0159488948162393
0.0192329435574736
0.0224986827935149
0.0257429100149769
0.0289624434928336
0.0321541254272304
0.0353148250709110
0.0384414418239402
0.0415309082964498
0.0445801933361975
0.0475863050177850
0.0505462935904532
0.0534572543814396
0.0563163306519612
0.0591207164029624
0.0618676591278523
0.0645544625095371
0.0671784890591462
0.0697371626939352
0.0722279712519429
0.0746484689410738
0.0769962787203692
0.0792690946113251
0.0814646839372123
0.0835808894884466
0.0856156316121534
0.0875669102241649
0.0894328067417803
0.0912114859357148
0.0929011976997489
0.0945002787366851
0.0960071541593022
0.0974203390050841
0.0987384396635869
0.0999601552153858
0.101084278681626
0.102109698183282
0.103035398009291
0.103860459592833
0.104584062395055
0.105205484695649
0.105724104289737
0.106139399090594
0.106450947637798
0.106658429510459
0.106761625645256
0.106760418559048
0.106654792475912
0.106444833358500
0.106130728843675
0.105712768082460
0.105191341484364
0.104566940366239
0.103840156505863
0.103011681600526
0.102082306630937
0.101052921130845
0.0999245123628461
0.0986981644008923
0.0973750571201025
0.0959564650945451
0.0944437564037333
0.0928383913486507
0.0911419210782019
0.0893559861270625
0.0874823148659874
0.0855227218657153
0.0834791061756999
0.0813534495189802
0.0791478144045970
0.0768643421590532
0.0745052508784051
0.0720728333026743
0.0695694546143558
0.0669975501629027
0.0643596231171602
0.0616582420478193
0.0588960384420600
0.0560757041526475
0.0531999887838431
0.0502716970165852
0.0472936858754892
0.0442688619403061
0.0412001785045697
0.0380906326842463
0.0349432624792869
0.0317611437910598
0.0285473873987164
0.0253051358976180
0.0220375606030145
0.0187478584222318
0.0154392486986782
0.0121149700310354
0.00877827707104116
0.00543243730331511
0.00208072781070910
-0.00127356797130746
-0.00462716350769631
-0.00797677242078811
-0.0113191117475570
-0.0146509051936782
-0.0179688863808224
-0.0212698020836511
-0.0245504154529984
-0.0278075092217495
-0.0310378888899587
-0.0342383858857873
-0.0374058606988881
-0.0405372059829103
-0.0436293496238573
-0.0466792577710896
-0.0496839378278297
-0.0526404413980979
-0.0555458671870828
-0.0583973638520259
-0.0611921328007870
-0.0639274309353352
-0.0666005733375064
-0.0692089358944509
-0.0717499578612917
-0.0742211443586066
-0.0766200688024412
-0.0789443752646578
-0.0811917807615188
-0.0833600774685018
-0.0854471348594395
-0.0874509017681716
-0.0893694083709923
-0.0912007680882712
-0.0929431794037155
-0.0945949275998355
-0.0961543864082620
-0.0976200195736547
-0.0989903823300216
-0.100264122788359
-0.101439983234598
-0.102516801336922
-0.103493511261608
-0.104369144696596
-0.105142831782094
-0.105813801947569
-0.106381384654566
-0.106845010044838
-0.107204209493376
-0.107458616065940
-0.107607964880802
-0.107652093374453
-0.107590941471070
-0.107424551655648
-0.107153068950700
-0.106776740796549
-0.106295916835239
-0.105711048598212
-0.105022689097887
-0.104231492323426
-0.103338212640943
-0.102343704098550
-0.101248919636666
-0.100054910204068
-0.0987628237802777
-0.0973739043049006
-0.0958894905146319
-0.0943110146887209
-0.0926400013037480
-0.0908780655986588
-0.0890269120510784
-0.0870883327660120
-0.0850642057781237
-0.0829564932688770
-0.0807672396999042
-0.0784985698640711
-0.0761526868557909
-0.0737318699622395
-0.0712384724772206
-0.0686749194395249
-0.0660437052977262
-0.0633473915034569
-0.0605886040353022
-0.0577700308555513
-0.0548944193021412
-0.0519645734182268
-0.0489833512219035
-0.0459536619187054
-0.0428784630595905
-0.0397607576472157
-0.0366035911933879
-0.0334100487306625
-0.0301832517811373
-0.0269263552855663
-0.0236425444959854
-0.0203350318351124
-0.0170070537258368
-0.0136618673941775
-0.0103027476491296
-0.00693298364286759
-0.00355587561480820
-0.000174731623067637
0.00320713573312962
0.00658641259651467
0.00995978713672485
0.0133239528335518
0.0166756117549004
0.0200114778258819
0.0233282800854823
0.0266227659272685
0.0298917043206263
0.0331318890090612
0.0363401416821322
0.0395133151176427
0.0426482962907601
0.0457420094468026
0.0487914191344900
0.0517935331965299
0.0547454057144811
0.0576441399049166
0.0604868909639892
0.0632708688575890
0.0659933410543680
0.0686516351990007
0.0712431417231407
0.0737653163916266
0.0762156827815896
0.0785918346922099
0.0808914384829656
0.0831122353383187
0.0852520434568765
0.0873087601631669
0.0892803639402613
0.0911649163815736
0.0929605640602592
0.0946655403147294
0.0962781669488887
0.0977968558457907
0.0992201104934956
0.100546527421998
0.101774797550175
0.102903707441789
0.103932140469652
0.104859077887138
0.105683599806308
0.106404886081978
0.107022217101126
0.107534974477120
0.107942641648294
0.108244804380479
0.108441151173152
0.108531473568928
0.108515666366188
0.108393727734689
0.108165759234066
0.107831965735190
0.107392655244421
0.106848238630837
0.106199229256582
0.105446242510563
0.104589995245748
0.103631305120411
0.102571089843728
0.101410366326182
0.100150249735319
0.0987919524574601
0.0973367829660474
0.0957861445973708
0.0941415342345123
0.0924045409004101
0.0905768442610322
0.0886602130397313
0.0866565033439404
0.0845676569054522
0.0823956992356206
0.0801427376969105
0.0778109594923179
0.0754026295742781
0.0729200884747754
0.0703657500584660
0.0677420992007265
0.0650516893926372
0.0622971402750114
0.0594811351036807
0.0566064181483458
0.0536757920274007
0.0506921149812360
0.0476582980866224
0.0445773024148685
0.0414521361365413
0.0382858515756214
0.0350815422160562
0.0318423396637500
0.0285714105671143
0.0252719534993680
0.0219471958058520
0.0186003904196824
0.0152348126491257
0.0118537569401336
0.00846053361751747
0.00505846560828842
0.00165088515071724
-0.00175886950730029
-0.00516745741696856
-0.00857153824078938
-0.0119677755646062
-0.0153528402058706
-0.0187234135145128
-0.0220761906628132
-0.0254078839206916
-0.0287152259128588
-0.0319949728543107
-0.0352439077606824
-0.0384588436300311
-0.0416366265926646
-0.0447741390256941
-0.0478683026290518
-0.0509160814597829
-0.0539144849214953
-0.0568605707059275
-0.0597514476836774
-0.0625842787412188
-0.0653562835614226
-0.0680647413448875
-0.0707069934694832
-0.0732804460855983
-0.0757825726446873
-0.0782109163588065
-0.0805630925889256
-0.0828367911599056
-0.0850297786001260
-0.0871399003038502
-0.0891650826145085
-0.0911033348271821
-0.0929527511086617
-0.0947115123335520
-0.0963778878349848
-0.0979502370685945
-0.0994270111884982
-0.100806754534110
-0.102088106026703
-0.103269800474715
-0.104350669786873
-0.105329644092287
-0.106205752766754
-0.106978125364554
-0.107645992455126
-0.108208686364062
-0.108665641817923
-0.109016396492461
-0.109260591463869
-0.109397971562780
-0.109428385630762
-0.109351786679133
-0.109168231949993
-0.108877882879396
-0.108481004962682
-0.107977967522013
-0.107369243376258
-0.106655408413387
-0.105837141065635
-0.104915221687736
-0.103890531838600
-0.102764053466869
-0.101536868000863
-0.100210155343485
-0.0987851927727236
-0.0972633537484928
-0.0956461066265825
-0.0939350132806056
-0.0921317276328920
-0.0902379940953668
-0.0882556459215352
-0.0861866034707836
-0.0840328723862984
-0.0817965416879929
-0.0794797817819296
-0.0770848423878194
-0.0746140503862768
-0.0720698075876103
-0.0694545884240238
-0.0667709375672104
-0.0640214674734150
-0.0612088558581492
-0.0583358431028383
-0.0554052295957835
-0.0524198730099203
-0.0493826855199520
-0.0462966309615349
-0.0431647219352835
-0.0399900168584562
-0.0367756169672716
-0.0335246632728868
-0.0302403334741544
-0.0269258388303473
-0.0235844209971143
-0.0202193488289981
-0.0168339151519037
-0.0134314335089682
-0.0100152348833261
-0.00658866440131264
-0.00315507801968343
0.000282160799541322
0.00371968442297476
0.00715412438485371
0.0105821147274618
0.0140002953393227
0.0174053152875051
0.0207938361403925
0.0241625352772883
0.0275081091812539
0.0308272767116061
0.0341167823525419
0.0373733994344022
0.0405939333241360
0.0437752245815852
0.0469141520782727
0.0500076360754409
0.0530526412581654
0.0560461797224414
0.0589853139122242
0.0618671595034888
0.0646888882324621
0.0674477306652742
0.0701409789063663
0.0727659892430908
0.0753201847240359
0.0778010576687066
0.0802061721062911
0.0825331661413473
0.0847797542443375
0.0869437294650453
0.0890229655670050
0.0910154190811738
0.0929191312771731
0.0947322300505243
0.0964529317243947
0.0980795427644650
0.0996104614056198
0.101044179189248
0.102379282410033
0.103614453471185
0.104748472147159
0.105780216752987
0.106708665219402
0.107532896073037
0.108252089321040
0.108865527239521
0.109372595065294
0.109772781590485
0.110065679659600
0.110250986568734
0.110328504366654
0.110298140057560
0.110159905705367
0.109913918439443
0.109560400361765
0.109099678355535
0.108532183795348
0.107858452159077
0.107079122541674
0.106194937071185
0.105206740227316
0.104115478062943
0.102922197329064
0.101628044503720
0.100234264725502
0.0987422006323321
0.0971532911062783
0.0954690699252443
0.0936911643224518
0.0918212934547163
0.0898612667806052
0.0878129823496505
0.0856784250038798
0.0834596644930229
0.0811588535048415
0.0787782256121299
0.0763200931380292
0.0737868449413989
0.0711809441240889
0.0685049256620571
0.0657613939623806
0.0629530203483104
0.0600825404746207
0.0571527516756095
0.0541665102482046
0.0511267286727318
0.0480363727739988
0.0448984588254467
0.0417160505992121
0.0384922563650371
0.0352302258410482
0.0319331470995145
0.0286042434307680
0.0252467701685519
0.0218640114801267
0.0184592771245329
0.0150358991824668
0.0115972287612790
0.00814663267865421
0.00468749012857042
0.00122318933316938
-0.00224287581580094
-0.00570730912229205
-0.00916671545431549
-0.0126177041116586
-0.0160568921892574
-0.0194809079325365
-0.0228863940810416
-0.0262700111967129
-0.0296284409731771
-0.0329583895224714
-0.0362565906356569
-0.0395198090138272
-0.0427448434660728
-0.0459285300710251
-0.0490677452986669
-0.0521594090891723
-0.0552004878856103
-0.0581879976174325
-0.0611190066317461
-0.0639906385694627
-0.0668000751835070
-0.0695445590963607
-0.0722213964943151
-0.0748279597559042
-0.0773616900120895
-0.0798200996358689
-0.0822007746590828
-0.0845013771142934
-0.0867196472997137
-0.0888534059652651
-0.0909005564179403
-0.0928590865447507
-0.0947270707516330
-0.0965026718167863
-0.0981841426570056
-0.0997698280056702
-0.101258166001135
-0.102647689684361
-0.103937028404704
-0.105124909132872
-0.106210157680130
-0.107191699822917
-0.108068562332113
-0.108839873906274
-0.109504866008208
-0.110062873604351
-0.110513335806460
-0.110855796415204
-0.111089904365306
-0.111215414071942
-0.111232185678168
-0.111140185203213
-0.110939484591514
-0.110630261662459
-0.110212799960845
-0.109687488508102
-0.109054821454444
-0.108315397632103
-0.107469920009916
-0.106519195049580
-0.105464131963941
-0.104305741877767
-0.103045136891520
-0.101683529048702
-0.100222229207432
-0.0986626458169814
-0.0970062836000747
-0.0952547421418313
-0.0934097143863258
-0.0914729850418090
-0.0894464288957299
-0.0873320090407856
-0.0851317750133169
-0.0828478608454632
-0.0804824830325857
-0.0780379384175650
-0.0755166019936823
-0.0729209246278892
-0.0702534307063810
-0.0675167157044832
-0.0647134436829721
-0.0618463447130502
-0.0589182122323017
-0.0559319003340570
-0.0528903209926973
-0.0497964412275304
-0.0466532802079684
-0.0434639063028333
-0.0402314340767123
-0.0369590212363733
-0.0336498655303385
-0.0303072016047978
-0.0269342978191214
-0.0235344530243048
-0.0201109933077487
-0.0166672687078372
-0.0132066499018377
-0.00973252487069418
-0.00624829554433111
-0.00275737443112319
0.000736818764783889
0.00423086053459188
0.00772132696068172
0.0112047971134231
0.0146778564452246
0.0181371001780921
0.0215791366809765
0.0250005908332101
0.0283981073703607
0.0317683542088631
0.0351080257458304
0.0384138461304956
0.0416825725037844
0.0449109982025831
0.0480959559253294
0.0512343208556225
0.0543230137406305
0.0573590039211448
0.0603393123102239
0.0632610143174522
0.0661212427159326
0.0689171904492261
0.0716461133755493
0.0743053329466383
0.0768922388187903
0.0794042913936935
0.0818390242867617
0.0841940467207896
0.0864670458428515
0.0886557889624655
0.0907581257091495
0.0927719901075953
0.0946954025687866
0.0965264717954848
0.0982633966006039
0.0999044676370871
0.101448069037993
0.102892679965583
0.104236876068305
0.105479330844619
0.106618816912738
0.107654207185400
0.108584475948876
0.109408699845503
0.110126058759088
0.110735836602610
0.111237422007708
0.111630308915510
0.111914097068434
0.112088492402627
0.112153307340805
0.112108460985287
0.111953979211096
0.111689994659044
0.111316746628792
0.110834580871921
0.110243949285121
0.109545409503655
0.108739624395322
0.107827361455212
0.106809492101581
0.105686990873287
0.104460934529243
0.103132501050447
0.101702968545215
0.100173714058299
0.0985462122846664
0.0968220341887929
0.0950028455303913
0.0930904052975969
0.0910865640487049
0.0889932621636530
0.0868125280065277
0.0845464760004706
0.0821973046164559
0.0797672942775087
0.0772588051800341
0.0746742750340291
0.0720162167240521
0.0692872158929298
0.0664899284502850
0.0636270780080761
0.0607014532454423
0.0577159052052552
0.0546733445248805
0.0515767386037569
0.0484291087105011
0.0452335270323444
0.0419931136698078
0.0387110335796089
0.0353904934688920
0.0320347386439523
0.0286470498167105
0.0252307398722704
0.0217891506009636
0.0183256493983531
0.0148436259367264
0.0113464888116652
0.00783766216732565
0.00432058230410531
0.000798694272405785
-0.00272455154377000
-0.00624570284962922
-0.00976130886503869
-0.0132679237488368
-0.0167621100182347
-0.0202404419595423
-0.0236995090264729
-0.0271359192223039
-0.0305463024622010
-0.0339273139120563
-0.0372756373002290
-0.0405879881986365
-0.0438611172696962
-0.0470918134756838
-0.0502769072471466
-0.0534132736070786
-0.0564978352476504
-0.0595275655563673
-0.0624994915886162
-0.0654106969836587
-0.0682583248212150
-0.0710395804158889
-0.0737517340467762
-0.0763921236197076
-0.0789581572596737
-0.0814473158310887
-0.0838571553836504
-0.0861853095216609
-0.0884294916947745
-0.0905874974082457
-0.0926572063508495
-0.0946365844387512
-0.0965236857736993
-0.0983166545140166
-0.100013726656956
-0.101613231731090
-0.103113594397478
-0.104513335958464
-0.105811075773039
-0.107005532577759
-0.108095525712340
-0.109079976249090
-0.109957908025425
-0.110728448578794
-0.111390829983415
-0.111944389588264
-0.112388570655872
-0.112722922901499
-0.112947102932359
-0.113060874586609
-0.113064109171884
-0.112956785603205
-0.112738990440185
-0.112410917823464
-0.111972869310397
-0.111425253610081
-0.110768586217844
-0.110003488949387
-0.109130689374853
-0.108151020153122
-0.107065418266731
-0.105874924157855
-0.104580680765876
-0.103183932467127
-0.101686023917464
-0.100088398798410
-0.0983925984676814
-0.0966002605149850
-0.0947131172240752
-0.0927329939421220
-0.0906618073575484
-0.0885015636875776
-0.0862543567768280
-0.0839223661083874
-0.0815078547288995
-0.0790131670892939
-0.0764407268028934
-0.0737930343227383
-0.0710726645400697
-0.0682822643060224
-0.0654245498786828
-0.0625023042977752
-0.0595183746893467
-0.0564756695029250
-0.0533771556837323
-0.0502258557826369
-0.0470248450066315
-0.0437772482127202
-0.0404862368481993
-0.0371550258404040
-0.0337868704390859
-0.0303850630146713
-0.0269529298157295
-0.0234938276890567
-0.0200111407658503
-0.0165082771175151
-0.0129886653846980
-0.00945575138320183
-0.00591299469047348
-0.00236386521639909
0.00118816023782888
0.00473960142898519
0.00828697812542154
0.0118268135611996
0.0153556378869335
0.0188699916135339
0.0223664290450601
0.0258415216969093
0.0292918616955973
0.0327140651564263
0.0361047755353739
0.0394606669515889
0.0427784474769371
0.0460548623890999
0.0492866973847987
0.0524707817497926
0.0556039914823721
0.0586832523671603
0.0617055429961160
0.0646678977337274
0.0675674096234807
0.0704012332327819
0.0731665874336169
0.0758607581163301
0.0784811008340121
0.0810250433750872
0.0834900882618010
0.0858738151724118
0.0881738832849955
0.0903880335408822
0.0925140908258411
0.0945499660672409
0.0964936582455082
0.0983432563183102
0.100096941055985
0.101752986786836
0.103309763051008
0.104765736161743
0.106119470672903
0.107369630751751
0.108514981456032
0.109554389914503
0.110486826410132
0.111311365365243
0.112027186227988
0.112633574259565
0.113129921221693
0.113515725963906
0.113790594910296
0.113954242445400
0.114006491198986
0.113947272229545
0.113776625106374
0.113494697890166
0.113101747012107
0.112598137051535
0.111984340412246
0.111260936897639
0.110428613184912
0.109488162198608
0.108440482383852
0.107286576879718
0.106027552593185
0.104664619174262
0.103199087892893
0.101632370418346
0.0999659775018722
0.0982015175634775
0.0963406951837625
0.0943853095018461
0.0923372525204882
0.0901985073196184
0.0879711461795646
0.0856573286153788
0.0832592993237498
0.0807793860440977
0.0782199973355449
0.0755836202715649
0.0728728180542145
0.0700902275499629
0.0672385567492392
0.0643205821519283
0.0613391460811518
0.0582971539277809
0.0551975713282343
0.0520434212782188
0.0488377811851769
0.0455837798623052
0.0422845944671081
0.0389434473875472
0.0355636030789389
0.0321483648548414
0.0287010716352572
0.0252250946555542
0.0217238341395853
0.0182007159405509
0.0146591881532142
0.0111027177011331
0.00753478690262018
0.00395889001918734
0.000378529790263956
-0.00320278604199454
-0.00678154821397042
-0.0103542494240707
-0.0139173878145838
-0.0174674704480554
-0.0210010167743439
-0.0245145620845339
-0.0280046609479141
-0.0314678906282563
-0.0349008544756765
-0.0383001852904038
-0.0416625486548384
-0.0449846462303415
-0.0482632190152654
-0.0514950505608054
-0.0546769701413328
-0.0578058558759525
-0.0608786377981130
-0.0638923008701918
-0.0668438879400726
-0.0697305026368269
-0.0725493122027186
-0.0752975502588472
-0.0779725195018557
-0.0805715943292320
-0.0830922233908399
-0.0855319320644251
-0.0878883248529482
-0.0901590877017017
-0.0923419902332776
-0.0944348878985553
-0.0964357240419833
-0.0983425318795303
-0.100153436387782
-0.101866656102756
-0.103480504827106
-0.104993393244468
-0.106403830439818
-0.107710425324755
-0.108911887966756
-0.110007030821490
-0.110994769867390
-0.111874125641725
-0.112644224177522
-0.113304297840734
-0.113853686067125
-0.114291835998417
-0.114618303017296
-0.114832751180956
-0.114934953552891
-0.114924792432738
-0.114802259484011
-0.114567455759637
-0.114220591625246
-0.113761986580257
-0.113192068976819
-0.112511375636768
-0.111720551366779
-0.110820348371988
-0.109811625568406
-0.108695347794505
-0.107472584922438
-0.106144510869414
-0.104712402509813
-0.103177638488721
-0.101541697937616
-0.0998061590930303
-0.0979726978190964
-0.0960430860349527
-0.0940191900480946
-0.0919029687948313
-0.0896964719891055
-0.0874018381810331
-0.0850212927266127
-0.0825571456701598
-0.0800117895411216
-0.0773876970670341
-0.0746874188044884
-0.0719135806900835
-0.0690688815134502
-0.0661560903145400
-0.0631780437074846
-0.0601376431334399
-0.0570378520449368
-0.0538816930243722
-0.0506722448393769
-0.0474126394379025
-0.0441060588859740
-0.0407557322511489
-0.0373649324348253
-0.0339369729566284
-0.0304752046941949
-0.0269830125817567
-0.0234638122710034
-0.0199210467577738
-0.0163581829781939
-0.0127787083779367
-0.00918612745833367
-0.00558395830311278
-0.00197572908957618
0.00163502541193740
0.00524476734643702
0.00884995928662665
0.0124470677453224
0.0160325666840476
0.0196029410139205
0.0231546900849653
0.0266843311600004
0.0301884028692880
0.0336634686421680
0.0371061201119446
0.0405129804903452
0.0438807079079320
0.0472059987169113
0.0504855907528548
0.0537162665519292
0.0568948565203064
0.0600182420525178
0.0630833585956073
0.0660871986560287
0.0690268147463372
0.0718993222688223
0.0747019023333339
0.0774318045066611
0.0800863494909275
0.0826629317285778
0.0851590219316372
0.0875721695330367
0.0899000050579023
0.0921402424128190
0.0942906810911823
0.0963492082928608
0.0983138009564918
0.100182527702840
0.101953550687743
0.103625127363268
0.105195612145804
0.106663457989884
0.108027217866663
0.109285546146010
0.110437199881303
0.111481039996069
0.112416032371698
0.113241248835528
0.113955868048691
0.114559176293143
0.115050568157407
0.115429547120595
0.115695726034359
0.115848827502460
0.115888684157733
0.115815238836256
0.115628544648610
0.115328764948169
0.114916173196410
0.114391152725309
0.113754196396918
0.113005906160314
0.112146992506134
0.111178273819009
0.110100675628236
0.108915229757123
0.107623073371490
0.106225447927893
0.104723698022191
0.103119270139174
0.101413711304039
0.0996086676365563
0.0977058828089110
0.0957071964082230
0.0936145422048896
0.0914299463279634
0.0891555253488779
0.0867934842749351
0.0843461144540665
0.0818157913924835
0.0792049724869395
0.0765161946734302
0.0737520719942717
0.0709152930856027
0.0680086185874682
0.0650348784787555
0.0619969693393639
0.0588978515420980
0.0557405463768891
0.0525281331100552
0.0492637459814176
0.0459505711421970
0.0425918435367165
0.0391908437310330
0.0357508946917180
0.0322753585180987
0.0287676331313545
0.0252311489239478
0.0216693653729427
0.0180857676208351
0.0144838630275796
0.0108671776975583
0.00723925298528473
0.00360364198367744
-3.60940012239333e-5
-0.00367638898520263
-0.00731367584655007
-0.0109443898685627
-0.0145649722799169
-0.0181718737889915
-0.0217615581082226
-0.0253305054645914
-0.0288752160923777
-0.0323922137043443
-0.0358780489375625
-0.0393293027701382
-0.0427425899051546
-0.0461145621182128
-0.0494419115650207
-0.0527213740455556
-0.0559497322214083
-0.0591238187830026
-0.0622405195634750
-0.0652967765960936
-0.0682895911121947
-0.0712160264767176
-0.0740732110585215
-0.0768583410327761
-0.0795686831128250
-0.0822015772090309
-0.0847544390122229
-0.0872247624994736
-0.0896101223600487
-0.0919081763394775
-0.0941166674998038
-0.0962334263941843
-0.0982563731541066
-0.100183519487603
-0.102012970586942
-0.103742926944365
-0.105371686074563
-0.106897644142638
-0.108319297496424
-0.109635244102117
-0.110844184882236
-0.111944924955039
-0.112936374774587
-0.113817551170727
-0.114587578288333
-0.115245688425234
-0.115791222768289
-0.116223632027190
-0.116542476965576
-0.116747428829157
-0.116838269670568
-0.116814892570768
-0.116677301756816
-0.116425612615953
-0.116060051605960
-0.115580956061811
-0.114988773898706
-0.114284063211649
-0.113467491771740
-0.112539836419481
-0.111501982355401
-0.110354922328392
-0.109099755722233
-0.107737687540798
-0.106270027292576
-0.104698187775152
-0.103023683760407
-0.101248130581268
-0.0993732426209067
-0.0974008317053958
-0.0953328054009023
-0.0931711652165953
-0.0909180047145436
-0.0885755075279706
-0.0861459452893410
-0.0836316754698511
-0.0810351391320044
-0.0783588585970608
-0.0756054350292552
-0.0727775459387952
-0.0698779426057577
-0.0669094474271177
-0.0638749511892554
-0.0607774102684004
-0.0576198437615844
-0.0544053305507862
-0.0511370063030584
-0.0478180604095394
-0.0444517328663522
-0.0410413111004993
-0.0375901267439583
-0.0341015523592778
-0.0305789981200643
-0.0270259084498336
-0.0234457586227826
-0.0198420513301078
-0.0162183132155670
-0.0125780913840403
-0.00892494988689935
-0.00526246618804359
-0.00159422761449742
0.00207617220450317
0.00574513690598421
0.00940907096530090
0.0130643832678247
0.0167074906762772
0.0203348215897463
0.0239428194904380
0.0275279464742407
0.0310866867612133
0.0346155501821468
0.0381110756374001
0.0415698345242611
0.0449884341291519
0.0483635209810587
0.0516917841626487
0.0549699585756098
0.0581948281568387
0.0613632290421933
0.0644720526746166
0.0675182488535431
0.0704988287225957
0.0734108676926905
0.0762515082977708
0.0790179629805039
0.0817075168053819
0.0843175300967826
0.0868454409996556
0.0892887679606140
0.0916451121273201
0.0939121596641680
0.0960876839823731
0.0981695478826877
0.100155705609067
0.102044204811715
0.103833188418045
0.105520896410170
0.107105667507673
0.108585940754452
0.109960257008560
0.111227260334040
0.112385699293824
0.113434428142867
0.114372407920747
0.115198707443055
0.115912504190943
0.116513085098311
0.116999847236125
0.117372298393483
0.117630057555055
0.117772855274626
0.117800533944494
0.117713047960577
0.117510463783091
0.117192959892762
0.116760826642564
0.116214466005042
0.115554391215352
0.114781226310165
0.113895705562700
0.112898672814169
0.111791080701991
0.110573989785214
0.109248567567622
0.107816087419105
0.106277927395919
0.104635568960549
0.102890595601968
0.101044691357163
0.0990996392348853
0.0970573195426639
0.0949197081182337
0.0926888744665931
0.0903669798040302
0.0879562750105427
0.0854590984921843
0.0828778739549774
0.0802151080921354
0.0774733881864538
0.0746553796298362
0.0717638233620370
0.0688015332308158
0.0657713932758131
0.0626763549385718
0.0595194342012428
0.0563037086566271
0.0530323145123180
0.0497084435318194
0.0463353399156204
0.0429162971253162
0.0394546546539629
0.0359537947459548
0.0324171390698041
0.0288481453472933
0.0252503039425521
0.0216271344146913
0.0179821820376936
0.0143190142913301
0.0106412173269262
0.00695239241185338
0.00325615235666628
-0.000443882071161800
-0.00414408574292111
-0.00784083276976490
-0.0115305001052130
-0.0152094711450435
-0.0188741393205626
-0.0225209116812558
-0.0261462124628441
-0.0297464866368026
-0.0333182034374317
-0.0368578598626194
-0.0403619841444868
-0.0438271391861655
-0.0472499259610258
-0.0506269868707454
-0.0539550090586883
-0.0572307276751487
-0.0604509290911031
-0.0636124540572102
-0.0667122008048948
-0.0697471280864566
-0.0727142581512469
-0.0756106796550688
-0.0784335505000615
-0.0811801006024466
-0.0838476345856226
-0.0864335343962097
-0.0889352618407615
-0.0913503610409714
-0.0936764608053163
-0.0959112769151905
-0.0980526143236937
-0.100098369265346
-0.102046531275103
-0.103895185115167
-0.105642512608151
-0.107286794375312
-0.108826411478597
-0.110259846965393
-0.111585687314926
-0.112802623785368
-0.113909453660753
-0.114905081396941
-0.115788519665881
-0.116558890297550
-0.117215425118989
-0.117757466689923
-0.118184468934536
-0.118495997669019
-0.118691731024580
-0.118771459765655
-0.118735087503129
-0.118582630802435
-0.118314219186434
-0.117930095033067
-0.117430613367807
-0.116816241550997
-0.116087558860230
-0.115245255967970
-0.114290134314687
-0.113223105377834
-0.112045189837064
-0.110757516636138
-0.109361321942063
-0.107857948002055
-0.106248841899005
-0.104535554206198
-0.102719737542123
-0.100803145026287
-0.0987876286370393
-0.0966751374725020
-0.0944677159157960
-0.0921675017058469
-0.0897767239151592
-0.0872977008360459
-0.0847328377769117
-0.0820846247702896
-0.0793556341944486
-0.0765485183104950
-0.0736660067170117
-0.0707109037243873
-0.0676860856511100
-0.0645944980444110
-0.0614391528277637
-0.0582231253778582
-0.0549495515337833
-0.0516216245412664
-0.0482425919349262
-0.0448157523616067
-0.0413444523479621
-0.0378320830155663
-0.0342820767469162
-0.0306979038057911
-0.0270830689155175
-0.0234411077987708
-0.0197755836826210
-0.0160900837725967
-0.0123882156996074
-0.00867360394361583
-0.00494988623800115
-0.00122070995859377
0.00251027149860711
0.00623940234699715
0.00996302804216150
0.0136774989138428
0.0173791737930271
0.0210644236301017
0.0247296351000588
0.0283712141907429
0.0319855897701785
0.0355692171290534
0.0391185814944875
0.0426302015112695
0.0461006326868158
0.0495264707961697
0.0529043552434430
0.0562309723761825
0.0595030587492339
0.0627174043347702
0.0658708556752483
0.0689603189761630
0.0719827631355703
0.0749352227074617
0.0778148007961846
0.0806186718792121
0.0833440845556844
0.0859883642182564
0.0885489156459022
0.0910232255154429
0.0934088648296776
0.0957034912601141
0.0979048514024032
0.100010782942696
0.102019216733250
0.103928178775712
0.105735792110624
0.107440278611769
0.109039960684109
0.110533262864134
0.111918713321541
0.113194945261249
0.114360698224845
0.115414819290633
0.116356264171534
0.117184098210157
0.117897497270456
0.118495748525421
0.118978251140346
0.119344516851265
0.119594170438230
0.119726950093126
0.119742707681832
0.119641408900542
0.119423133326146
0.119088074360628
0.118636539069482
0.118068947914213
0.117385834379033
0.116587844491950
0.115675736240473
0.114650378882236
0.113512752150910
0.112263945357826
0.110905156389797
0.109437690603720
0.107862959618588
0.106182480005627
0.104397871877355
0.102510857376437
0.100523259065313
0.0984369982176288
0.0962540930126438
0.0939766566338351
0.0916068952730572
0.0891471060416942
0.0865996747903586
0.0839670738387959
0.0812518596177659
0.0784566702247838
0.0755842228957191
0.0726373113943679
0.0696188033222292
0.0665316373508363
0.0633788203791096
0.0601634246183173
0.0568885846073457
0.0535574941610976
0.0501734032549487
0.0467396148483071
0.0432594816504237
0.0397364028317119
0.0361738206839314
0.0325752172326895
0.0289441108058034
0.0252840525611529
0.0215986229777341
0.0178914283136948
0.0141660970352020
0.0104262762200500
0.00667562793996820
0.00291782562563432
-0.000843449581568113
-0.00460451248697940
-0.00836167750519371
-0.0121112623235916
-0.0158495915627749
-0.0195730004298112
-0.0232778383602083
-0.0269604726445648
-0.0306172920358726
-0.0342447103334897
-0.0378391699398456
-0.0413971453860017
-0.0449151468222486
-0.0483897234699934
-0.0518174670312663
-0.0551950150522576
-0.0585190542373861
-0.0617863237104921
-0.0649936182198455
-0.0681377912837651
-0.0712157582737472
-0.0742244994321142
-0.0771610628213043
-0.0800225672020370
-0.0828062048377058
-0.0855092442224647
-0.0881290327305932
-0.0906629991848415
-0.0931086563415733
-0.0954636032906401
-0.0977255277680359
-0.0998922083794924
-0.101961516733287
-0.103931419480646
-0.105799980262220
-0.107565361559237
-0.109225826448005
-0.110779740256554
-0.112225572122310
-0.113561896449745
-0.114787394267079
-0.115900854481161
-0.116901175029753
-0.117787363930505
-0.118558540225996
-0.119213934824272
-0.119752891234392
-0.120174866196555
-0.120479430206429
-0.120666267933396
-0.120735178532453
-0.120686075849582
-0.120518988520464
-0.120234059962463
-0.119831548259848
-0.119311825942307
-0.118675379656841
-0.117922809733179
-0.117054829642940
-0.116072265352804
-0.114976054572019
-0.113767245894649
-0.112446997837019
-0.111016577770888
-0.109477360752956
-0.107830828251380
-0.106078566770060
-0.104222266371524
-0.102263719099341
-0.100204817301081
-0.0980475518529090
-0.0957940102870270
-0.0934463748232547
-0.0910069203061546
-0.0884780120492056
-0.0858621035876404
-0.0831617343416721
-0.0803795271919515
-0.0775181859692074
-0.0745804928601439
-0.0715693057317840
-0.0684875553765707
-0.0653382426806537
-0.0621244357179120
-0.0588492667723811
-0.0555159292918697
-0.0521276747756702
-0.0486878095993785
-0.0451996917799529
-0.0416667276842472
-0.0380923686843598
-0.0344801077632390
-0.0308334760740814
-0.0271560394571483
-0.0234513949177107
-0.0197231670689091
-0.0159750045433874
-0.0122105763776216
-0.00843356837292283
-0.00464767943713890
-0.000856617911123550
0.00293590211592979
0.00672616449816662
0.0105104547276258
0.0142850636275266
0.0180462910401477
0.0217904495051698
0.0255138679243718
0.0292128952086013
0.0328839039029751
0.0365232937863120
0.0401274954408528
0.0436929737883821
0.0472162315889368
0.0506938128983582
0.0541223064810276
0.0574983491742119
0.0608186292005394
0.0640798894252215
0.0672789305547414
0.0704126142738341
0.0734778663176947
0.0764716794764612
0.0793911165291363
0.0822333131042270
0.0849954804644996
0.0876749082133664
0.0902689669205389
0.0927751106647011
0.0951908794910752
0.0975139017818661
0.0997418965376889
0.101872675568196
0.103904145590230
0.105834310231936
0.107661271941380
0.109383233798305
0.110998501227780
0.112505483614566
0.113902695817142
0.115188759580390
0.116362404846067
0.117422470960227
0.118367907776862
0.119197776657109
0.119911251363416
0.120507618848163
0.120986279936262
0.121346749901366
0.121588658935339
0.121711752510721
0.121715891635985
0.121601053003410
0.121367329029493
0.121014927787838
0.120544172834541
0.119955502926142
0.119249471630258
0.118426746829084
0.117488110116009
0.116434456085631
0.115266791517552
0.113986234454375
0.112594013174392
0.111091465059543
0.109480035359283
0.107761275851067
0.105936843398259
0.104008498406348
0.101978103178434
0.0998476201710493
0.0976191101514717
0.0952947302577812
0.0928767319630154
0.0903674589448874
0.0877693448626334
0.0850849110426714
0.0823167640748636
0.0794675933212954
0.0765401683395958
0.0735373362229503
0.0704620188590715
0.0673172101105202
0.0641059729188854
0.0608314363354579
0.0574967924811491
0.0541052934385275
0.0506602480789613
0.0471650188279712
0.0436230183720082
0.0400377063099796
0.0364125857529494
0.0327511998755400
0.0290571284226540
0.0253339841752250
0.0215854093787852
0.0178150721387178
0.0140266627861241
0.0102238902183017
0.00641047821787933
0.00259016175469965
-0.00123331672542112
-0.00505621102090211
-0.00887477489939979
-0.0126852658234183
-0.0164839486723418
-0.0202670994567099
-0.0240310090205743
-0.0277719867277993
-0.0314863641282027
-0.0351704985994773
-0.0388207769608808
-0.0424336190547436
-0.0460054812919070
-0.0495328601572787
-0.0530122956717726
-0.0564403748069852
-0.0598137348490524
-0.0631290667082294
-0.0663831181708365
-0.0695726970903219
-0.0726946745143006
-0.0757459877445425
-0.0787236433270005
-0.0816247199690829
-0.0844463713814974
-0.0871858290421143
-0.0898404048794126
-0.0924074938731994
-0.0948845765704082
-0.0972692215139031
-0.0995590875823310
-0.101751926239183
-0.103845583689333
-0.105838002941445
-0.107727225774726
-0.109511394608631
-0.111188754274216
-0.112757653685927
-0.114216547412720
-0.115563997147483
-0.116798673073847
-0.117919355129509
-0.118924934165316
-0.119814412999418
-0.120586907365851
-0.121241646757024
-0.121777975159614
-0.122195351683448
-0.122493351083023
-0.122671664171374
-0.122730098126030
-0.122668576686906
-0.122487140245984
-0.122185945828726
-0.121765266967198
-0.121225493464954
-0.120567131053772
-0.119790800942389
-0.118897239257461
-0.117887296377008
-0.116761936156681
-0.115522235049238
-0.114169381117712
-0.112704672942776
-0.111129518424932
-0.109445433482185
-0.107654040643981
-0.105757067542222
-0.103756345300319
-0.101653806821268
-0.0994514849758855
-0.0971515106923982
-0.0947561109487017
-0.0922676066687027
-0.0896884105242663
-0.0870210246444037
-0.0842680382334467
-0.0814321251000740
-0.0785160410991715
-0.0755226214886304
-0.0724547782033088
-0.0693154970485035
-0.0661078348154047
-0.0628349163211272
-0.0594999313760368
-0.0561061316812086
-0.0526568276589789
-0.0491553852196637
-0.0456052224676389
-0.0420098063500821
-0.0383726492517876
-0.0346973055395679
-0.0309873680598530
-0.0272464645931911
-0.0234782542694401
-0.0196864239475209
-0.0158746845636736
-0.0120467674522241
-0.00820642064292791
-0.00435740513900302
-0.000503491180009502
0.00335154550623805
0.00720392745851334
0.0110498792395512
0.0148856311917191
0.0187074231867606
0.0225115083653946
0.0262941568625792
0.0300516595142764
0.0337803315415941
0.0374765162082311
0.0411365884472034
0.0447569584528969
0.0483340752345606
0.0518644301274331
0.0553445602577806
0.0587710519582147
0.0621405441297551
0.0654497315472038
0.0686953681045049
0.0718742699968714
0.0749833188365780
0.0780194646994319
0.0809797290990551
0.0838612078862296
0.0866610740706820
0.0893765805628031
0.0920050628329222
0.0945439414858775
0.0969907247487445
0.0993430108697057
0.101598490426159
0.103754948540285
0.105810267000392
0.107762426286496
0.109609507498658
0.111349694186750
0.112981274080390
0.114502640717892
0.115912294973178
0.117208846479679
0.118391014950334
0.119457631392896
0.120407639219812
0.121240095252028
0.121954170616141
0.122549151534395
0.123024440007062
0.123379554386838
0.123614129844936
0.123727918728596
0.123720790809828
0.123592733425228
0.123343851506774
0.122974367503560
0.122484621194497
0.121875069392031
0.121146285537021
0.120298959184952
0.119333895383723
0.118252013943319
0.117054348597720
0.115742046059487
0.114316364967511
0.112778674728499
0.111130454252838
0.109373290585551
0.107508877433149
0.105539013587266
0.103465601246045
0.101290644234349
0.0990162461239513
0.0966446082549792
0.0941780276599717
0.0916188948920279
0.0889696917586343
0.0862329889628694
0.0834114436538025
0.0805077968880250
0.0775248710043685
0.0744655669139929
0.0713328613081479
0.0681298037860373
0.0648595139053418
0.0615251781580790
0.0581300468746052
0.0546774310586847
0.0511706991566743
0.0476132737639882
0.0440086282721232
0.0403602834596358
0.0366718040305701
0.0329467951039362
0.0291888986579366
0.0254017899327288
0.0215891737955953
0.0177547810724703
0.0139023648498430
0.0100356967511184
0.00615856319157032
0.00227476161606934
-0.00161190327619877
-0.00549762331577634
-0.00937859065147502
-0.0132510015391402
-0.0171110601263636
-0.0209549822288778
-0.0247789990943844
-0.0285793611495949
-0.0323523417262978
-0.0360942407623125
-0.0398013884732420
-0.0434701489909975
-0.0470969239651371
-0.0506781561231392
-0.0542103327858107
-0.0576899893341232
-0.0611137126238640
-0.0644781443445915
-0.0677799843194888
-0.0710159937428216
-0.0741829983518184
-0.0772778915299110
-0.0802976373383902
-0.0832392734736546
-0.0860999141473556
-0.0888767528868613
-0.0915670652535900
-0.0941682114768872
-0.0966776390012413
-0.0990928849447585
-0.101411578466934
-0.103631443043879
-0.105750298649274
-0.107766063839438
-0.109676757741000
-0.111480501939794
-0.113175522269661
-0.114760150499972
-0.116232825920781
-0.117592096824581
-0.118836621883759
-0.119965171422901
-0.120976628585198
-0.121869990392271
-0.122644368696804
-0.123298991027453
-0.123833201325550
-0.124246460573216
-0.124538347312502
-0.124708558055315
-0.124756907583857
-0.124683329141438
-0.124487874513523
-0.124170713998957
-0.123732136271364
-0.123172548130745
-0.122492474145403
-0.121692556184319
-0.120773552840217
-0.119736338743571
-0.118581903767895
-0.117311352126710
-0.115925901362647
-0.114426881229219
-0.112815732465866
-0.111094005466952
-0.109263358845469
-0.107325557892299
-0.105282472931959
-0.103136077575851
-0.100888446874134
-0.0985417553674456
-0.0960982750397679
-0.0935603731738979
-0.0909305101110328
-0.0882112369161375
-0.0854051929508564
-0.0825151033558594
-0.0795437764446326
-0.0764941010108471
-0.0733690435515654
-0.0701716454086724
-0.0669050198310425
-0.0635723489600837
-0.0601768807414251
-0.0567219257656398
-0.0532108540410180
-0.0496470917015273
-0.0460341176532162
-0.0423754601624300
-0.0386746933893202
-0.0349354338702355
-0.0311613369526808
-0.0273560931866294
-0.0235234246760580
-0.0196670813946607
-0.0157908374697681
-0.0118984874385693
-0.00799384248078866
-0.00408072663202433
-0.000162972981992505
0.00375558013804195
0.00767109297434702
0.0115797281720003
0.0154776545940398
0.0193610511341716
0.0232261105187330
0.0270690430936292
0.0308860805919999
0.0346734798784076
0.0384275266653938
0.0421445391983056
0.0458208719043643
0.0494529190020176
0.0530371180667040
0.0565699535492426
0.0600479602431574
0.0634677266973456
0.0668258985706063
0.0701191819246528
0.0733443464523516
0.0764982286380427
0.0795777348469222
0.0825798443405864
0.0855016122159655
0.0883401722649962
0.0910927397525125
0.0937566141099578
0.0963291815426470
0.0988079175484331
0.101190389345753
0.103474258209154
0.105657281710504
0.107737315864241
0.109712317175073
0.111580344586708
0.113339561330264
0.114988236671108
0.116524747553003
0.117947580138497
0.119255331244603
0.120446709672907
0.121520537433293
0.122475750860598
0.123311401623538
0.124026657625361
0.124620803795707
0.125093242773257
0.125443495478802
0.125671201578401
0.125776119836401
0.125758128358103
0.125617224721937
0.125353526001062
0.124967268674347
0.124458808426767
0.123828619839260
0.123077295968211
0.122205547814704
0.121214203683817
0.120104208434244
0.118876622618604
0.117532621514884
0.116073494049479
0.114500641612429
0.112815576765469
0.111019921843623
0.109115407451135
0.107103870852629
0.104987254260480
0.102767603019449
0.100447063689772
0.0980278820299679
0.0955124008807345
0.0929030579514369
0.0902023835107789
0.0874129979833811
0.0845376094541040
0.0815790110820768
0.0785400784265187
0.0754237666865658
0.0722331078574424
0.0689712078054484
0.0656412432643583
0.0622464587559621
0.0587901634375990
0.0552757278796697
0.0517065807762290
0.0480862055918903
0.0444181371483850
0.0407059581542399
0.0369532956811437
0.0331638175906778
0.0293412289151886
0.0254892681966706
0.0216117037876154
0.0177123301178625
0.0137949639315599
0.00986344049840384
0.00592160980338522
0.00197333271931461
-0.00197752283356361
-0.00592708573652979
-0.00987148552556300
-0.0138068562443642
-0.0177293402928622
-0.0216350922668469
-0.0255202827843922
-0.0293811022947619
-0.0332137648655274
-0.0370145119436760
-0.0407796160865418
-0.0445053846584569
-0.0481881634890921
-0.0518243404895375
-0.0554103492222568
-0.0589426724211480
-0.0624178454580370
-0.0658324597520408
-0.0691831661183436
-0.0724666780530460
-0.0756797749508640
-0.0788193052525767
-0.0818821895192470
-0.0848654234303618
-0.0877660807031700
-0.0905813159306204
-0.0933083673354326
-0.0959445594379598
-0.0984873056356307
-0.100934110691880
-0.103282573132608
-0.105530387548314
-0.107675346800194
-0.109715344128577
-0.111648375162209
-0.113472539827000
-0.115186044152930
-0.116787201977956
-0.118274436547803
-0.119646282010668
-0.120901384805910
-0.122038504945916
-0.123056517190391
-0.123954412112409
-0.124731297055633
-0.125386396982171
-0.125919055210618
-0.126328734043878
-0.126615015286443
-0.126777600650842
-0.126816312053036
-0.126731091796610
-0.126522002645622
-0.126189227786085
-0.125733070676037
-0.125153954784279
-0.124452423217861
-0.123629138238480
-0.122684880667995
-0.121620549183347
-0.120437159501180
-0.119135843452598
-0.117717847948484
-0.116184533835928
-0.114537374646358
-0.112777955236059
-0.110907970319826
-0.108929222898613
-0.106843622582090
-0.104653183807146
-0.102360023953462
-0.0999663613573601
-0.0974745132252788
-0.0948868934483021
-0.0922060103192936
-0.0894344641543072
-0.0865749448200627
-0.0836302291693958
-0.0806031783867204
-0.0774967352456674
-0.0743139212811923
-0.0710578338785773
-0.0677316432818792
-0.0643385895245115
-0.0608819792847749
-0.0573651826692811
-0.0537916299273430
-0.0501648080995298
-0.0464882576037046
-0.0427655687619857
-0.0390003782721824
-0.0351963656273685
-0.0313572494873597
-0.0274867840059585
-0.0235887551179228
-0.0196669767896981
-0.0157252872380292
-0.0117675451206378
-0.00779762570321084
-0.00381941700699620
0.000163184058653305
0.00414627557441643
0.00812595449542387
0.0120983205375525
0.0160594800611795
0.0200055499479876
0.0239326614664290
0.0278369641214787
0.0317146294843453
0.0355618549978475
0.0393748677532210
0.0431499282341794
0.0468833340241232
0.0505714234724699
0.0542105793161613
0.0577972322524983
0.0613278644595510
0.0647990130604966
0.0682072735283478
0.0715493030276487
0.0748218236898334
0.0780216258190663
0.0811455710255043
0.0841905952830541
0.0871537119088205
0.0900320144615740
0.0928226795566983
0.0955229695952025
0.0981302354045178
0.100641918788922
0.103055554987564
0.105368775038180
0.107579308044723
0.109684983347232
0.111683732592395
0.113573591703369
0.115352702747509
0.117019315700796
0.118571790107819
0.120008596636290
0.121328318525122
0.122529652925248
0.123611412132368
0.124572524710957
0.125412036508885
0.126129111562120
0.126723032889005
0.127193203173711
0.127539145338483
0.127760503004401
0.127857040840383
0.127828644800277
0.127675322247863
0.127397201969723
0.126994534075919
0.126467689788510
0.125817161117985
0.125043560427742
0.124147619886782
0.123130190810876
0.121992242892489
0.120734863319832
0.119359255785460
0.117866739384909
0.116258747405938
0.114536826009014
0.112702632799750
0.110757935294108
0.108704609277240
0.106544637056959
0.104280105612902
0.101913204642566
0.0994462245055025
0.0968815540670396
0.0942216784430520
0.0914691766473840
0.0886267191436662
0.0856970653033848
0.0826830607721901
0.0795876347465573
0.0764137971630444
0.0731646358025234
0.0698433133118928
0.0664530641459133
0.0629971914319414
0.0594790637604659
0.0559021119044860
0.0522698254708945
0.0485857494871576
0.0448534809267056
0.0410766651765638
0.0372589924508716
0.0334041941540419
0.0295160391974172
0.0255983302733765
0.0216549000909329
0.0176896075769465
0.0137063340471501
0.00970897935124958
0.00570145799641879
0.00168769525355529
-0.00232837674929775
-0.00634282294193056
-0.0103517092308946
-0.0143511064179180
-0.0183370941133504
-0.0223057646401861
-0.0262532269242410
-0.0301756103660841
-0.0340690686903687
-0.0379297837682548
-0.0417539694086763
-0.0455378751142693
-0.0492777897978590
-0.0529700454554803
-0.0566110207920020
-0.0601971447955199
-0.0637249002567888
-0.0671908272300716
-0.0705915264319003
-0.0739236625743594
-0.0771839676296275
-0.0803692440226385
-0.0834763677488491
-0.0865022914142348
-0.0894440471947616
-0.0922987497127188
-0.0950635988274253
-0.0977358823379557
-0.100312978595663
-0.102792359024404
-0.105171590546489
-0.107448337912533
-0.109620365933456
-0.111685541613052
-0.113641836179615
-0.115487327015257
-0.117220199481628
-0.118838748640877
-0.120341380870764
-0.121726615372956
-0.122993085573599
-0.124139540415366
-0.125164845540245
-0.126067984362421
-0.126848059030660
-0.127504291279698
-0.128036023170174
-0.128442717716732
-0.128723959403960
-0.128879454589900
-0.128909031796923
-0.128812641889792
-0.128590358140827
-0.128242376182106
-0.127769013844689
-0.127170710884944
-0.126448028598033
-0.125601649318758
-0.124632375809940
-0.123541130538622
-0.122328954840416
-0.120997007972379
-0.119546566054889
-0.117979020903023
-0.116295878748067
-0.114498758849794
-0.112589392000310
-0.110569618920268
-0.108441388548414
-0.106206756225478
-0.103867881773527
-0.101427027472029
-0.0988865559319475
-0.0962489278693204
-0.0935166997798895
-0.0906925215164621
-0.0877791337708125
-0.0847793654620568
-0.0816961310335644
-0.0785324276605977
-0.0752913323710079
-0.0719759990814482
-0.0685896555516978
-0.0651356002598297
-0.0616171992010860
-0.0580378826134598
-0.0544011416331130
-0.0507105248828910
-0.0469696349973177
-0.0431821250875798
-0.0393516951501258
-0.0354820884226184
-0.0315770876910856
-0.0276405115522185
-0.0236762106348559
-0.0196880637847838
-0.0156799742170569
-0.0116558656401188
-0.00761967835606115
-0.00357536534141186
0.000473111687110554
0.00452178621740934
0.00856669089289557
0.0126038614649422
0.0166293407423964
0.0206391825336480
0.0246294555767675
0.0285962474532541
0.0325356684809717
0.0364438555818964
0.0403169761203530
0.0441512317074860
0.0479428619677795
0.0516881482635253
0.0553834173732255
0.0590250451200112
0.0626094599462644
0.0661331464307365
0.0695926487445720
0.0729845740427633
0.0763055957876903
0.0795524570015169
0.0827219734443557
0.0858110367152341
0.0888166172730354
0.0917357673747190
0.0945656239282568
0.0973034112578602
0.0999464437792021
0.102492128582470
0.104937967921216
0.107281561605097
0.109520609294724
0.111652912696950
0.113676377659061
0.115589016160431
0.117388948200321
0.119074403580598
0.120643723582270
0.122095362534790
0.123427889277230
0.124639988510449
0.125730462039518
0.126698229905703
0.127542331407405
0.128261926009517
0.128856294140717
0.129324837878298
0.129667081520182
0.129882672043823
0.129971379451770
0.129933097003694
0.129767841334772
0.129475752460320
0.129057093666679
0.128512251288344
0.127841734371445
0.127046174223675
0.126126323850876
0.125083057280497
0.123917368772236
0.122630371916211
0.121223298619088
0.119697497978653
0.118054435047384
0.116295689485657
0.114422954105302
0.112438033304307
0.110342841393556
0.108139400816566
0.105829840263322
0.103416392679368
0.100901393171452
0.0982872768111041
0.0955765763376797
0.0927719197624822
0.0898760278757233
0.0868917116582021
0.0838218695997101
0.0806694849263041
0.0774376227387221
0.0741294270643523
0.0707481178253043
0.0672969877252652
0.0637793990579638
0.0601987804402001
0.0565586234725313
0.0528624793308421
0.0491139552921514
0.0453167111981372
0.0414744558599843
0.0375909434082734
0.0336699695917457
0.0297153680288807
0.0257310064163242
0.0217207826982978
0.0176886212012015
0.0136384687376995
0.00957429068464695
0.00550006703927051
0.00141978845806735
-0.00266254771707621
-0.00674294144101534
-0.0108173939511772
-0.0148819117525337
-0.0189325105971604
-0.0229652194538386
-0.0269760844631794
-0.0309611728737806
-0.0349165769549729
-0.0388384178817592
-0.0427228495876161
-0.0465660625808969
-0.0503642877206508
-0.0541137999477648
-0.0578109219674267
-0.0614520278790083
-0.0650335467495782
-0.0685519661273660
-0.0720038354916177
-0.0753857696354084
-0.0786944519781010
-0.0819266378042745
-0.0850791574260755
-0.0881489192660815
-0.0911329128579008
-0.0940282117618704
-0.0968319763933473
-0.0995414567612267
-0.102153995114452
-0.104667028494415
-0.107078091191277
-0.109384817102359
-0.111584941990888
-0.113676305643491
-0.115656853924960
-0.117524640728903
-0.119277829823033
-0.120914696587915
-0.122433629648120
-0.123833132394822
-0.125111824398933
-0.126268442714017
-0.127301843068236
-0.128211000944711
-0.128995012549717
-0.129653095668226
-0.130184590406348
-0.130588959820318
-0.130865790431686
-0.131014792628479
-0.131035800952110
-0.130928774269897
-0.130693795833067
-0.130331073220226
-0.129840938166260
-0.129223846276746
-0.128480376627950
-0.127611231252584
-0.126617234511518
-0.125499332351716
-0.124258591450719
-0.122896198248064
-0.121413457864083
-0.119811792906603
-0.118092742166158
-0.116257959200347
-0.114309210808134
-0.112248375394897
-0.110077441229167
-0.107798504592086
-0.105413767820708
-0.102925537246373
-0.100336221029497
-0.0976483268922408
-0.0948644597506224
-0.0919873192477792
-0.0890196971902023
-0.0859644748888971
-0.0828246204075568
-0.0796031857199723
-0.0763033037790357
-0.0729281854998360
-0.0694811166594833
-0.0659654547164363
-0.0623846255522484
-0.0587421201387846
-0.0550414911340960
-0.0512863494102754
-0.0474803605167433
-0.0436272410825441
-0.0397307551613505
-0.0357947105229945
-0.0318229548954499
-0.0278193721612987
-0.0237878785128093
-0.0197324185698448
-0.0156569614648991
-0.0115654968996337
-0.00746203117734980
-0.00335058321588401
0.000764819454537866
0.00488014470392272
0.00899135982101610
0.0130944355330878
0.0171853500223899
0.0212600929346871
0.0253146693752781
0.0293451038879552
0.0333474444123869
0.0373177662154577
0.0412521757921592
0.0451468147316896
0.0489978635445005
0.0528015454461116
0.0565541300936062
0.0602519372708234
0.0638913405183670
0.0674687707046653
0.0709807195344353
0.0744237429910270
0.0777944647092511
0.0810895792754268
0.0843058554515170
0.0874401393203564
0.0904893573491152
0.0934505193682788
0.0963207214635621
0.0990971487783159
0.101777078224118
0.104357881097376
0.106837025599909
0.109212079261588
0.111480711263266
0.113640694658328
0.115689908491330
0.117626339812297
0.119448085585370
0.121153354490598
0.122740468617761
0.124207865051226
0.125554097344914
0.126777836886544
0.127877874150427
0.128853119838107
0.129702605906294
0.130425486481530
0.131021038661150
0.131488663200129
0.131827885083483
0.132038353983937
0.132119844604638
0.132072256906735
0.131895616221698
0.131590073248308
0.131155903934293
0.130593509242623
0.129903414802554
0.129086270445544
0.128142849626209
0.127074048728566
0.125880886257851
0.124564501918257
0.123126155577014
0.121567226115295
0.119889210166491
0.118093720742492
0.116182485748683
0.114157346388443
0.112020255458027
0.109773275532819
0.107418577046016
0.104958436260938
0.102395233138237
0.0997314490994164
0.0969696646881826
0.0941125571312587
0.0911628978004431
0.0881235495778015
0.0849974641260278
0.0817876790661394
0.0784973150648140
0.0751295728338100
0.0716877300440598
0.0681751381571606
0.0645952191771330
0.0609514623254558
0.0572474206425258
0.0534867075188280
0.0496729931592340
0.0458100009839803
0.0419015039700011
0.0379513209364126
0.0339633127780626
0.0299413786511652
0.0258894521151478
0.0218114972349257
0.0177115046479138
0.0135934876001562
0.00946147795602824
0.00531952218602304
0.00117167733718414
-0.00297799300921320
-0.00712542278810184
-0.0112665475045339
-0.0153973082864057
-0.0195136559313424
-0.0236115549431006
-0.0276869875528714
-0.0317359577209034
-0.0357544951139057
-0.0397386590537494
-0.0436845424330491
-0.0475882755932795
-0.0514460301611647
-0.0552540228391699
-0.0590085191460207
-0.0627058371032850
-0.0663423508641613
-0.0699144942807367
-0.0734187644061024
-0.0768517249278400
-0.0802100095295266
-0.0834903251770392
-0.0866894553265772
-0.0898042630514626
-0.0928316940849139
-0.0957687797761343
-0.0986126399571920
-0.101360485718312
-0.104009622089334
-0.106557450625230
-0.109001471893705
-0.111339287863039
-0.113568604188442
-0.115687232395347
-0.117693091958138
-0.119584212272968
-0.121358734523415
-0.123014913437805
-0.124551118937187
-0.125965837672972
-0.127257674453393
-0.128425353558003
-0.129467719939498
-0.130383740312264
-0.131172504127075
-0.131833224431466
-0.132365238615364
-0.132768009041600
-0.133041123561020
-0.133184295911922
-0.133197366003637
-0.133080300084102
-0.132833190791331
-0.132456257088726
-0.131949844084249
-0.131314422733476
-0.130550589426660
-0.129659065459944
-0.128640696390913
-0.127496451278777
-0.126227421809472
-0.124834821306078
-0.123319983624990
-0.121684361938357
-0.119929527403382
-0.118057167719133
-0.116069085571633
-0.113967196968039
-0.111753529460859
-0.109430220263215
-0.106999514256288
-0.104463761890172
-0.101825416979486
-0.0990870343952109
-0.0962512676543319
-0.0933208664089957
-0.0902986738370295
-0.0871876239357907
-0.0839907387214599
-0.0807111253360265
-0.0773519730643575
-0.0739165502638828
-0.0704082012095736
-0.0668303428570339
-0.0631864615266705
-0.0594801095120442
-0.0557149016156523
-0.0518945116155227
-0.0480226686661404
-0.0441031536373546
-0.0401397953950411
-0.0361364670274156
-0.0320970820210065
-0.0280255903904064
-0.0239259747660166
-0.0198022464440970
-0.0156584414035126
-0.0114986162936465
-0.00732684439801053
-0.00314721157814405
0.00103618779756626
0.00521925493547671
0.00939789070399445
0.0135679997218970
0.0177254944429557
0.0218662992321625
0.0259863544288824
0.0300816203922789
0.0341480815244061
0.0381817502664089
0.0421786710633339
0.0461349242931257
0.0500466301554639
0.0539099525161800
0.0577211027030976
0.0614763432492357
0.0651719915794332
0.0688044236365641
0.0723700774436418
0.0758654565982343
0.0792871336957470
0.0826317536782664
0.0858960371057936
0.0890767833468404
0.0921708736855011
0.0951752743422561
0.0980870394059066
0.100903313674181
0.103621335400695
0.106238438946083
0.108752057331266
0.111159724690929
0.113459078625448
0.115647862449599
0.117723927336520
0.119685234355509
0.121529856402369
0.123255980021080
0.124861907115737
0.126346056551734
0.127706965645313
0.128943291540647
0.130053812473741
0.131037428922489
0.131893164642311
0.132620167586850
0.133217710713304
0.133685192671981
0.134022138379767
0.134228199477238
0.134303154669182
0.134246909948375
0.134059498702485
0.133741081704040
0.133291946983432
0.132712509584978
0.132003311206127
0.131165019719924
0.130198428580904
0.129104456114663
0.127884144691370
0.126538659783580
0.125069288908752
0.123477440456942
0.121764642404223
0.119932540912451
0.117982898816073
0.115917593996778
0.113738617646851
0.111448072422211
0.109048170486209
0.106541231445354
0.103929680178276
0.101216044559309
0.0984029530782363
0.0954931323578515
0.0924894045711054
0.0893946847597661
0.0862119780566376
0.0829443768135318
0.0795950576373270
0.0761672783365927
0.0726643747814023
0.0690897576791052
0.0654469092689732
0.0617393799387810
0.0579707847665267
0.0541447999906366
0.0502651594121394
0.0463356507324279
0.0423601118303591
0.0383424269825655
0.0342865230309734
0.0301963655016339
0.0260759546790797
0.0219293216405179
0.0177605242542589
0.0135736431468617
0.00937277764354645
0.00516204168648757
0.000945559735651128
-0.00327253734312020
-0.00748811639804030
-0.0116970461145787
-0.0158952011371657
-0.0200784661846471
-0.0242427401547472
-0.0283839402128233
-0.0324980058602337
-0.0365809029776850
-0.0406286278389861
-0.0446372110907003
-0.0486027216932663
-0.0525212708192422
-0.0563890157044268
-0.0602021634477070
-0.0639569747555987
-0.0676497676275587
-0.0712769209782725
-0.0748348781932475
-0.0783201506141772
-0.0817293209506755
-0.0850590466151230
-0.0883060629775071
-0.0914671865372823
-0.0945393180094233
-0.0975194453219856
-0.100404646522636
-0.103192092591755
-0.105879050159865
-0.108462884127255
-0.110941060183841
-0.113311147227411
-0.115570819678529
-0.117717859690531
-0.119750159253120
-0.121665722188233
-0.123462666036911
-0.125139223836057
-0.126693745784045
-0.128124700794232
-0.129430677935527
-0.130610387759264
-0.131662663511679
-0.132586462231399
-0.133380865731391
-0.134045081464909
-0.134578443275032
-0.134980412027435
-0.135250576126106
-0.135388651911770
-0.135394483942818
-0.135268045158619
-0.135009436925108
-0.134618888962607
-0.134096759155888
-0.133443533246516
-0.132659824407582
-0.131746372700961
-0.130704044417307
-0.129533831299030
-0.128236849646566
-0.126814339308320
-0.125267662554714
-0.123598302836842
-0.121807863430313
-0.119898065964942
-0.117870748841022
-0.115727865533013
-0.113471482781555
-0.111103778674844
-0.108627040620475
-0.106043663209003
-0.103356145970557
-0.100567091025984
-0.0976792006341137
-0.0946952746368604
-0.0916182078040269
-0.0884509870797950
-0.0851966887330392
-0.0818584754137386
-0.0784395931179078
-0.0749433680636169
-0.0713732034808142
-0.0677325763178191
-0.0640250338674965
-0.0602541903162721
-0.0564237232192934
-0.0525373699051839
-0.0485989238139751
-0.0446122307719384
-0.0405811852071669
-0.0365097263098835
-0.0324018341415674
-0.0282615256971046
-0.0240928509242708
-0.0198998887049492
-0.0156867428025729
-0.0114575377803600
-0.00721641489497338
-0.00296752797029801
0.00128496074392913
0.00553688472386218
0.00978407732886659
0.0140223759596062
0.0182476262120857
0.0224556860228454
0.0266424298005292
0.0308037525390744
0.0349355739078184
0.0390338423138700
0.0430945389321564
0.0471136816986318
0.0510873292622160
0.0550115848911255
0.0588826003293586
0.0626965795992049
0.0664497827457670
0.0701385295196025
0.0737592029937235
0.0773082531113228
0.0807822001607353
0.0841776381742813
0.0874912382477842
0.0907197517776989
0.0938600136129369
0.0969089451186161
0.0998635571491180
0.102720952927974
0.105478330832250
0.108132987079249
0.110682318313472
0.113123824091934
0.115455109266059
0.117673886258500
0.119777977233360
0.121765316158409
0.123633950758018
0.125382044355601
0.127007877604528
0.128509850106487
0.129886481916450
0.131136414933418
0.132258414176241
0.133251368943878
0.134114293859524
0.134846329798124
0.135446744696816
0.135914934247963
0.136250422474428
0.136452862186851
0.136522035322709
0.136457853166995
0.136260356454413
0.135929715353006
0.135466229329207
0.134870326894337
0.134142565232620
0.133283629710830
0.132294333269760
0.131175615697705
0.129928542786277
0.128554305368848
0.127054218242055
0.125429718970806
0.123682366577345
0.121813840114970
0.119825937127110
0.117720571992530
0.115499774157540
0.113165686256172
0.110720562119395
0.108166764674539
0.105506763736230
0.102743133690236
0.0998785510717508
0.0969157920397941
0.0938577297495059
0.0907073316242723
0.0874676565297548
0.0841418518520375
0.0807331504822553
0.0772448677102130
0.0736803980296568
0.0700432118580091
0.0663368521735281
0.0625649310730054
0.0587311262532605
0.0548391774198391
0.0508928826264654
0.0468960945489368
0.0428527166972847
0.0387666995701563
0.0346420367554911
0.0304827609816894
0.0262929401235720
0.0220766731675371
0.0178380861404092
0.0135813280065597
0.00931056653795140
0.00502998416182176
0.000743773790773703
-0.00354386535991795
-0.00782873196294450
-0.0121066267726880
-0.0163733568171669
-0.0206247395833423
-0.0248566071909387
-0.0290648105499623
-0.0332452234971374
-0.0373937469065304
-0.0415063127696935
-0.0455788882407277
-0.0496074796417480
-0.0535881364243220
-0.0575169550825518
-0.0613900830135775
-0.0652037223213929
-0.0689541335599878
-0.0726376394119566
-0.0762506282988487
-0.0797895579196705
-0.0832509587140948
-0.0866314372470731
-0.0899276795116994
-0.0931364541473167
-0.0962546155700126
-0.0992791070127960
-0.102206963472898
-0.105035314563789
-0.107761387269646
-0.110382508600150
-0.112896108143639
-0.115299720516763
-0.117590987708940
-0.119767661320024
-0.121827604689730
-0.123768794917472
-0.125589324771381
-0.127287404485395
-0.128861363443392
-0.130309651749438
-0.131630841683335
-0.132823629040710
-0.133886834356974
-0.134819404014573
-0.135620411233002
-0.136289056941121
-0.136824670531386
-0.137226710495654
-0.137494764942282
-0.137628551994281
-0.137627920068355
-0.137492848034679
-0.137223445257331
-0.136819951515343
-0.136282736804353
-0.135612301018934
-0.134809273515665
-0.133874412557111
-0.132808604636894
-0.131612863686096
-0.130288330161321
-0.128836270014744
-0.127258073546605
-0.125555254140624
-0.123729446882917
-0.121782407065046
-0.119716008571950
-0.117532242155558
-0.115233213595009
-0.112821141744493
-0.110298356469825
-0.107667296474988
-0.104930507019991
-0.102090637531524
-0.0991504391079878
-0.0961127619206509
-0.0929805525127893
-0.0897568509988220
-0.0864447881655960
-0.0830475824781214
-0.0795685369922074
-0.0760110361766020
-0.0723785426473904
-0.0686745938175612
-0.0649027984648004
-0.0610668332207285
-0.0571704389849403
-0.0532174172673617
-0.0492116264625734
-0.0451569780598975
-0.0410574327931741
-0.0369169967342849
-0.0327397173346021
-0.0285296794186567
-0.0242910011344272
-0.0200278298647476
-0.0157443381044229
-0.0114447193077199
-0.00713318371097058
-0.00281395413508388
0.00150873822719197
0.00583065803437592
0.0101475700248261
0.0144552432458597
0.0187494552785031
0.0230259964529640
0.0272806740499397
0.0315093164829114
0.0357077774566165
0.0398719400969503
0.0439977210476125
0.0480810745288948
0.0521179963540883
0.0561045278990913
0.0600367600208980
0.0639108369207647
0.0677229599479706
0.0714693913402144
0.0751464578968257
0.0787505545811030
0.0822781480482366
0.0857257800954187
0.0890900710308916
0.0923677229588367
0.0955555229771575
0.0986503462853631
0.101649159199910
0.104549022074510
0.107347092123065
0.110040626143027
0.112626983137144
0.115103626831658
0.117468128089210
0.119718167214785
0.121851536153184
0.123866140576644
0.125760001861310
0.127531258951399
0.129178170110003
0.130699114555550
0.132092593983079
0.133357233969519
0.134491785262312
0.135495124950719
0.136366257519299
0.137104315783049
0.137708561703810
0.138178387087564
0.138513314162333
0.138712996036415
0.138777217036759
0.138705892927330
0.138499071007346
0.138156930089332
0.137679780356956
0.137068063102691
0.136322350345354
0.135443344327655
0.134431876893905
0.133288908748110
0.132015528592721
0.130612952148358
0.129082521054908
0.127425701654443
0.125644083656489
0.123739378686247
0.121713418716436
0.119568154383548
0.117305653189352
0.114928097588627
0.112437782964160
0.109837115490219
0.107128609885746
0.104314887058712
0.101398671643157
0.0983827894305798
0.0952701646974860
0.0920638174310407
0.0887668604549110
0.0853824964575384
0.0819140149252305
0.0783647889826130
0.0747382721431394
0.0710379949725100
0.0672675616680085
0.0634306465569191
0.0595309905173402
0.0555723973248609
0.0515587299287186
0.0474939066611937
0.0433818973841435
0.0392267195767067
0.0350324343683401
0.0308031425214684
0.0265429803681418
0.0222561157052003
0.0179467436525391
0.0136190824791545
0.00927736940172715
0.00492585636056253
0.000568805777762996
-0.00378951369745075
-0.00814483145132164
-0.0124928791710746
-0.0168293951083972
-0.0211501283359148
-0.0254508429917072
-0.0297273225069446
-0.0339753738117609
-0.0381908315145338
-0.0423695620498044
-0.0465074677901434
-0.0506004911173544
-0.0546446184484990
-0.0586358842123310
-0.0625703747718383
-0.0664442322887107
-0.0702536585256773
-0.0739949185827911
-0.0776643445638749
-0.0812583391694867
-0.0847733792129095
-0.0882060190558207
-0.0915528939604470
-0.0948107233551681
-0.0979763140106823
-0.101046563124007
-0.104018461307735
-0.106889095482129
-0.109655651667772
-0.112315417676657
-0.114865785699723
-0.117304254789014
-0.119628433232727
-0.121836040821601
-0.123924911005179
-0.125892992936626
-0.127738353404874
-0.129459178653007
-0.131053776081862
-0.132520575837964
-0.133858132284954
-0.135065125357808
-0.136140361799174
-0.137082776277269
-0.137891432384819
-0.138565523518614
-0.139104373639278
-0.139507437910951
-0.139774303220592
-0.139904688576700
-0.139898445387260
-0.139755557616792
-0.139476141822431
-0.139060447068967
-0.138508854722882
-0.137821878125398
-0.137000162144652
-0.136044482607114
-0.134955745608455
-0.133734986704086
-0.132383369979668
-0.130902187001948
-0.129292855650332
-0.127556918829677
-0.125696043064861
-0.123712016977766
-0.121606749647387
-0.119382268853881
-0.117040719207452
-0.114584360163092
-0.112015563922265
-0.109336813222792
-0.106550699018260
-0.103659918048437
-0.100667270302292
-0.0975756563753625
-0.0943880747233483
-0.0911076188139477
-0.0877374741791201
-0.0842809153700926
-0.0807413028175917
-0.0771220795999362
-0.0734267681217838
-0.0696589667064829
-0.0658223461051403
-0.0619206459256693
-0.0579576709852409
-0.0539372875897105
-0.0498634197437440
-0.0457400452955082
-0.0415711920199330
-0.0373609336446832
-0.0331133858231065
-0.0288327020585419
-0.0245230695844833
-0.0201887052051952
-0.0158338511014705
-0.0114627706063005
-0.00707974395530054
-0.00268906401679355
0.00170496799349528
0.00609804680814493
0.0104858674091307
0.0148641293292756
0.0192285409490321
0.0235748237835785
0.0278987167552363
0.0321959804462525
0.0364624013270350
0.0406937959549931
0.0448860151391997
0.0490349480661771
0.0531365263821963
0.0571867282275809
0.0611815822186174
0.0651171713727885
0.0689896369731747
0.0727951823679982
0.0765300767014245
0.0801906585718768
0.0837733396142694
0.0872746080027152
0.0906910318704173
0.0940192626436111
0.0972560382865781
0.100398186454914
0.103442627554384
0.106386377702863
0.109226551593002
0.111960365253414
0.114585138706341
0.117098298519865
0.119497380252914
0.121780030791408
0.123944010574059
0.125987195706414
0.127907579961905
0.129703276668729
0.131372520481538
0.132913669036965
0.134325204492169
0.135605734945604
0.136753995739358
0.137768850642443
0.138649292914519
0.139394446249574
0.140003565599166
0.140476037874877
0.140811382529692
0.141009252018055
0.141069432134419
0.140991842230124
0.140776535308520
0.140423697998252
0.139933650404708
0.139306845839631
0.138543870428979
0.137645442599139
0.136612412441641
0.135445760956604
0.134146599175147
0.132716167161099
0.131155832892380
0.129467091022490
0.127651561522628
0.125710988205016
0.123647237128109
0.121462294884436
0.119158266771931
0.116737374849689
0.114201955879218
0.111554459152336
0.108797444207003
0.105933578432504
0.102965634565503
0.0998964880786509
0.0967291144635576
0.0934665864100856
0.0901120708840674
0.0866688261057089
0.0831401984310911
0.0795296191393425
0.0758406011282134
0.0720767355209457
0.0682416881874894
0.0643391961832804
0.0603730641089514
0.0563471603945033
0.0522654135116197
0.0481318081179537
0.0439503811373644
0.0397252177802146
0.0354604475079768
0.0311602399465187
0.0268288007525548
0.0224703674378622
0.0180892051559523
0.0136896024559848
0.00927586700878351
0.00485232130988321
0.000423298364591994
-0.00400686263990375
-0.00843382067033178
-0.0128532371859455
-0.0172607804748689
-0.0216521299830957
-0.0260229806310800
-0.0303690471128891
-0.0346860681729278
-0.0389698108553031
-0.0432160747209578
-0.0474206960277860
-0.0515795518690233
-0.0556885642653101
-0.0597437042059263
-0.0637409956348177
-0.0676765193771533
-0.0715464170022883
-0.0753468946191418
-0.0790742266001438
-0.0827247592300542
-0.0862949142761076
-0.0897811924760940
-0.0931801769411440
-0.0964885364701446
-0.0997030287728727
-0.102820503599093
-0.105837905771026
-0.108752278116744
-0.111560764302221
-0.114260611559897
-0.116849173311771
-0.119323911685191
-0.121682399919635
-0.123922324662914
-0.126041488155360
-0.128037810300685
-0.129909330622302
-0.131654210104031
-0.133270732914196
-0.134757308012226
-0.136112470636963
-0.137334883675978
-0.138423338915242
-0.139376758168619
-0.140194194286673
-0.140874832044375
-0.141417988907343
-0.141823115676297
-0.142089797009473
-0.142217751822790
-0.142206833567583
-0.142057030385806
-0.141768465142601
-0.141341395336200
-0.140776212885162
-0.140073443792996
-0.139233747690229
-0.138257917254090
-0.137146877505947
-0.135901684986753
-0.134523526810770
-0.133013719597917
-0.131373708285135
-0.129605064817245
-0.127709486717844
-0.125688795540841
-0.123544935203368
-0.121279970200822
-0.118896083704968
-0.116395575546062
-0.113780860080133
-0.111054463942608
-0.108219023689654
-0.105277283328686
-0.102232091739653
-0.0990863999888479
-0.0958432585371243
-0.0925058143445610
-0.0890773078737618
-0.0855610699941390
-0.0819605187896860
-0.0782791562729061
-0.0745205650077280
-0.0706884046444020
-0.0667864083695329
-0.0628183792745702
-0.0587881866462333
-0.0546997621825101
-0.0505570961380199
-0.0463642334026804
-0.0421252695177644
-0.0378443466335680
-0.0335256494130450
-0.0291734008858830
-0.0247918582576133
-0.0203853086784511
-0.0159580649766581
-0.0115144613613045
-0.00705884909938131
-0.00259559217227624
0.00187093708332339
0.00633636234499834
0.0107963076795085
0.0152464019179065
0.0196822830257127
0.0240996024630229
0.0284940295294456
0.0328612556888014
0.0371969988685693
0.0414970077291251
0.0457570658978887
0.0499729961635849
0.0541406646259137
0.0582559847960322
0.0623149216433643
0.0663134955843753
0.0702477864090816
0.0741139371411989
0.0779081578279796
0.0816267292559363
0.0852660065888019
0.0888224229242350
0.0922924927659363
0.0956728154080061
0.0989600782285314
0.102151059889558
0.105242633440763
0.108231769324299
0.111115538278448
0.113891114137874
0.116555776528413
0.119106913454490
0.121542023777393
0.123858719582779
0.126054728435906
0.128127895523231
0.130076185679112
0.131897685296490
0.133590604120506
0.135153276924150
0.136584165065087
0.137881857922933
0.139045074216311
0.140072663199111
0.140963605735434
0.141717015252775
0.142332138573057
0.142808356621191
0.143145185010866
0.143342274507362
0.143399411367179
0.143316517554354
0.143093650833357
0.142731004738516
0.142228908419937
0.141587826365956
0.140808358002169
0.139891237167160
0.138837331465059
0.137647641495148
0.136323299958743
0.134865570643668
0.133275847286681
0.131555652314279
0.129706635462370
0.127730572275407
0.125629362485607
0.123405028273016
0.121059712407258
0.118595676271879
0.116015297772360
0.113321069128931
0.110515594555469
0.107601587825898
0.104581869729597
0.101459365417518
0.0982371016408171
0.0949182038839704
0.0915058933944892
0.0880034841115202
0.0844143794957612
0.0807420692632959
0.0769901260261119
0.0731622018422346
0.0692620246785729
0.0652933947897405
0.0612601810162805
0.0571663170058809
0.0530157973613305
0.0488126737191152
0.0445610507627093
0.0402650821747538
0.0359289665324574
0.0315569431506795
0.0271532878772794
0.0227223088454264
0.0182683421876673
0.0137957477166417
0.00930890457741325
0.00481220687645722
0.000310059292400747
-0.00419312732634305
-0.00869294037187263
-0.0131849698898337
-0.0176648129899925
-0.0221280782491531
-0.0265703901012432
-0.0309873932094258
-0.0353747568151397
-0.0397281790590261
-0.0440433912687700
-0.0483161622089652
-0.0525423022882010
-0.0567176677186736
-0.0608381646237346
-0.0648997530889093
-0.0688984511520488
-0.0728303387284141
-0.0766915614666336
-0.0804783345316256
-0.0841869463107304
-0.0878137620394544
-0.0913552273433901
-0.0948078716930384
-0.0981683117684264
-0.101433254730576
-0.104599501397046
-0.107663949318935
-0.110623595756886
-0.113475540553814
-0.116216988902197
-0.118845254003969
-0.121357759621159
-0.123752042515589
-0.126025754776069
-0.128176666031665
-0.130202665549729
-0.132101764217519
-0.133872096406318
-0.135511921717111
-0.137019626606922
-0.138393725895056
-0.139632864148544
-0.140735816946188
-0.141701492020652
-0.142528930278152
-0.143217306695304
-0.143765931092822
-0.144174248785717
-0.144441841109797
-0.144568425824231
-0.144553857390032
-0.144398127124341
-0.144101363230425
-0.143663830703366
-0.143085931111412
-0.142368202253070
-0.141511317689974
-0.140516086155694
-0.139383450840620
-0.138114488553160
-0.136710408757509
-0.135172552488317
-0.133502391142642
-0.131701525149641
-0.129771682518528
-0.127714717265391
-0.125532607719569
-0.123227454710358
-0.120801479634934
-0.118257022408454
-0.115596539297450
-0.112822600637713
-0.109937888438005
-0.106945193871066
-0.103847414653515
-0.100647552316406
-0.0973487093683085
-0.0939540863529863
-0.0904669788038630
-0.0868907740976481
-0.0832289482096538
-0.0794850623734985
-0.0756627596480654
-0.0717657613947485
-0.0677978636681919
-0.0637629335238914
-0.0596649052461983
-0.0555077765004237
-0.0512956044129042
-0.0470325015830448
-0.0427226320315008
-0.0383702070888088
-0.0339794812289067
-0.0295547478521158
-0.0251003350222727
-0.0206206011628097
-0.0161199307166813
-0.0116027297751220
-0.00707342168029706
-0.00253644260697221
0.00200376287161882
0.00654274622849169
0.0110760594329691
0.0155992594008220
0.0201079124392354
0.0245975986813569
0.0290639165052069
0.0335024869317750
0.0379089579971727
0.0422790090937834
0.0466083552754208
0.0508927515215993
0.0551279969561164
0.0593099390152562
0.0634344775610420
0.0674975689350934
0.0714952299487783
0.0754235418054925
0.0792786539510490
0.0830567878483137
0.0867542406723823
0.0903673889227547
0.0938926919491326
0.0973266953876269
0.100666034504335
0.103907437443412
0.107047728376929
0.110083830553978
0.113012769246644
0.115831674590621
0.118537784318418
0.121128446383238
0.123601121471767
0.125953385404250
0.128182931420368
0.130287572349556
0.132265242664531
0.134114000416901
0.135832029053862
0.137417639115052
0.138869269808775
0.140185490466853
0.141365001877476
0.142406637495481
0.143309364529568
0.144072284906018
0.144694636108549
0.145175791893989
0.145515262883499
0.145712697029129
0.145767879955526
0.145680735176670
0.145451324187520
0.145079846430536
0.144566639137044
0.143912177043459
0.143117071982430
0.142182072349003
0.141108062441937
0.139896061680358
0.138547223696003
0.137062835301311
0.135444315333743
0.133693213376715
0.131811208357633
0.129800107023588
0.127661842295338
0.125398471500307
0.123012174485418
0.120505251610672
0.117880121624516
0.115139319422134
0.112285493687927
0.109321404423586
0.106249920363281
0.103074016277645
0.0997967701683757
0.0964213603554201
0.0929510624588855
0.0893892462779633
0.0857393725693257
0.0820049897276257
0.0781897303708935
0.0742973078338028
0.0703315125719439
0.0662962084804185
0.0621953291302360
0.0580328739261631
0.0538129041898380
0.0495395391721255
0.0452169519988402
0.0408493655541167
0.0364410483058458
0.0319963100777316
0.0275194977726481
0.0230149910520922
0.0184871979766335
0.0139405506123589
0.00937950060839246
0.00480851475064277
0.000232070496989790
-0.00434534850082991
-0.00891925688334803
-0.0134851720721872
-0.0180386187562629
-0.0225751333700520
-0.0270902685586378
-0.0315795976242711
-0.0360387189492392
-0.0404632603898875
-0.0448488836367167
-0.0491912885355576
-0.0534862173649234
-0.0577294590647447
-0.0619168534118078
-0.0660442951373428
-0.0701077379823428
-0.0741031986863360
-0.0780267609054811
-0.0818745790560126
-0.0856428820792195
-0.0893279771243077
-0.0929262531456608
-0.0964341844111842
-0.0998483339185882
-0.103165356716636
-0.106382003128553
-0.109495121874962
-0.112501663093881
-0.115398681255475
-0.118183337969420
-0.120852904682892
-0.123404765267355
-0.125836418492438
-0.128145480385373
-0.130329686474561
-0.132386893915993
-0.134315083501341
-0.136112361546681
-0.137776961660884
-0.139307246392845
-0.140701708756771
-0.141958973634880
-0.143077799056902
-0.144057077355874
-0.144895836199768
-0.145593239498573
-0.146148588186483
-0.146561320878910
-0.146831014404097
-0.146957384209118
-0.146940284640133
-0.146779709096769
-0.146475790060566
-0.146028798997435
-0.145439146134131
-0.144707380108785
-0.143834187495551
-0.142820392203488
-0.141666954749847
-0.140374971407940
-0.138945673229872
-0.137380424944419
-0.135680723730449
-0.133848197866291
-0.131884605255579
-0.129791831830152
-0.127571889830665
-0.125226915965694
-0.122759169450172
-0.120171029924134
-0.117464995252849
-0.114643679209531
-0.111709809041954
-0.108666222924441
-0.105515867296810
-0.102261794092043
-0.0989071578545600
-0.0954552127511599
-0.0919093094768537
-0.0882728920579650
-0.0845494945550579
-0.0807427376684163
-0.0768563252489756
-0.0728940407177812
-0.0688597433972229
-0.0647573647574680
-0.0605909045816883
-0.0563644270538439
-0.0520820567729539
-0.0477479746979424
-0.0433664140273044
-0.0389416560179848
-0.0344780257480028
-0.0299798878274882
-0.0254516420629184
-0.0208977190794575
-0.0163225759064035
-0.0117306915308385
-0.00712656242465729
-0.00251469805021751
0.00210038365009447
0.00671416077504344
0.0113221119911077
0.0159197210590460
0.0205024813550919
0.0250659003814116
0.0296055042604891
0.0341168422081450
0.0385954909799467
0.0430370592858377
0.0474371921678919
0.0517915753361900
0.0560959394579180
0.0603460643949030
0.0645377833849198
0.0686669871622416
0.0727296280130403
0.0767217237613973
0.0806393616818362
0.0844787023344483
0.0882359833188515
0.0919075229433847
0.0954897238061168
0.0989790762844193
0.102372161930026
0.105665656766677
0.108856334487616
0.111941069550380
0.114916840166496
0.117780731183850
0.120529936859668
0.123161763522192
0.125673632119303
0.128063080652463
0.130327766494511
0.132465468589956
0.134474089536563
0.136351657547118
0.138096328290385
0.139706386610367
0.141180248123090
0.142516460690186
0.143713705768680
0.144770799636418
0.145686694492671
0.146460479433505
0.147091381301550
0.147578765409884
0.147922136139762
0.148121137412001
0.148175553031829
0.148085306907093
0.147850463139720
0.147471225990372
0.146947939716289
0.146281088282315
0.145471294945171
0.144519321711059
0.143426068666725
0.142192573184149
0.140820008999103
0.139309685163814
0.137663044874100
0.135881664171336
0.133967250519735
0.131921641259463
0.129746801936207
0.127444824507900
0.125017925429403
0.122468443616046
0.119798838287033
0.117011686689851
0.114109681706925
0.111095629345921
0.107972446115205
0.104743156286141
0.101410889044043
0.0979788755297617
0.0944504457740544
0.0908290255270317
0.0871181329851741
0.0833213754185615
0.0794424457011480
0.0754851187470859
0.0714532478562815
0.0673507609725429
0.0631816568578565
0.0589500011865013
0.0546599225628801
0.0503156084671154
0.0459213011326141
0.0414812933599635
0.0369999242716669
0.0324815750123649
0.0279306643993221
0.0233516445280763
0.0187489963382589
0.0141272251446943
0.00949085613897123
0.00484442986675588
0.000192497686176943
-0.00446038278733976
-0.00910965224437289
-0.0137507542475100
-0.0183791397946138
-0.0229902718739169
-0.0275796300055329
-0.0321427147640065
-0.0366750522765743
-0.0411721986918702
-0.0456297446138839
-0.0500433194960677
-0.0544085959905874
-0.0587212942478222
-0.0629771861613386
-0.0671720995536961
-0.0713019222985787
-0.0753626063748968
-0.0793501718486537
-0.0832607107785374
-0.0870903910413583
-0.0908354600736271
-0.0944922485257373
-0.0980571738253950
-0.101526743647112
-0.104897559284755
-0.108166318924328
-0.111329820814320
-0.114384966331152
-0.117328762937387
-0.120158327030585
-0.122870886680777
-0.125463784254763
-0.127934478925522
-0.130280549065210
-0.132499694520335
-0.134589738767844
-0.136548630950959
-0.138374447793740
-0.140065395393435
-0.141619810889802
-0.143036164010652
-0.144313058492978
-0.145449233379099
-0.146443564187311
-0.147295063956617
-0.148002884165167
-0.148566315522087
-0.148984788632422
-0.149257874534980
-0.149385285112882
-0.149366873376687
-0.149202633619971
-0.148892701447299
-0.148437353674543
-0.147837008101545
-0.147092223157147
-0.146203697416670
-0.145172268991919
-0.143998914793889
-0.142684749668329
-0.141231025404428
-0.139639129616893
-0.137910584501786
-0.136047045466519
-0.134050299634499
-0.131922264224986
-0.129664984808805
-0.127280633440667
-0.124771506668910
-0.122140023423641
-0.119388722784303
-0.116520261627886
-0.113537412159060
-0.110443059323708
-0.107240198107434
-0.103931930720800
-0.100521463673186
-0.0970121047373391
-0.0934072598068394
-0.0897104296488822
-0.0859252065549551
-0.0820552708921595
-0.0781043875581112
-0.0740764023425320
-0.0699752381988262
-0.0658048914291155
-0.0615694277863842
-0.0572729784975598
-0.0529197362115289
-0.0485139508762502
-0.0440599255492920
-0.0395620121462712
-0.0350246071318190
-0.0304521471578366
-0.0258491046539300
-0.0212199833750316
-0.0165693139113246
-0.0119016491656770
-0.00722155980387863
-0.00253362968304109
0.00215754873642253
0.00684737898977841
0.0115312652124263
0.0162046167443255
0.0208628527288917
0.0255014067008780
0.0301157311577816
0.0347013021093629
0.0392536235999166
0.0437682321980080
0.0482407014484670
0.0526666462815314
0.0570417273741337
0.0613616554584463
0.0656221955729279
0.0698191712512492
0.0739484686446258
0.0780060405732363
0.0819879105025658
0.0858901764406817
0.0897090147526191
0.0934406838882253
0.0970815280199960
0.100627980587607
0.104076567746035
0.107423911714325
0.110666734022264
