0.51
0.509999982948458
0.509999619109623
0.509997884676746
0.509992934912291
0.509982101268628
0.509961887814630
0.509927967322975
0.509875177471091
0.509797517696732
0.509688147324180
0.509539385636312
0.509342714608435
0.509088785039216
0.508767426809950
0.508367663973985
0.507877735322334
0.507285120989222
0.506576575553571
0.505738167961438
0.504755328443778
0.503612902438483
0.502295211351314
0.500786119814075
0.499069108927390
0.497127354817338
0.494943811696941
0.492501298511451
0.489782588165448
0.486770498283341
0.483447982444594
0.479798220860498
0.475804709518468
0.471451346909008
0.466722517564577
0.461603171772780
0.456078900972301
0.450136008492346
0.443761575449153
0.436943521760828
0.429670662379924
0.421932758968040
0.413720567345603
0.405025881141081
0.395841572135950
0.386161627854326
0.375981186978913
0.365296573187860
0.354105328000053
0.342406243188984
0.330199393277143
0.317486168552790
0.304269308957836
0.290552939077844
0.276342604321345
0.261645308204416
0.246469550457077
0.230825365440925
0.214724360114482
0.198179750508260
0.181206395382658
0.163820825449131
0.146041266252994
0.127887652563332
0.109381631913935
0.0905465548140195
0.0714074491251214
0.0519909762063463
0.0323253666855031
0.0124403341326532
-0.00763303450161758
-0.0278624120791694
-0.0482143876236103
-0.0686546443941506
-0.0891481572669761
-0.109659406061398
-0.130152600613819
-0.150591912748107
-0.170941709872832
-0.191166784791726
-0.211232576457562
-0.231105376819687
-0.250752519575594
-0.270142547481844
-0.289245355841010
-0.308032310786763
-0.326476341969341
-0.344552010139241
-0.362235550893268
-0.379504896455664
-0.396339677806206
-0.412721209739436
-0.428632461558716
-0.444058016097380
-0.458984019643032
-0.473398125147267
-0.487289430857732
-0.500648416235517
-0.513466876737638
-0.525737858766558
-0.537455595827394
-0.548615446695500
-0.559213836186713
-0.569248198941041
-0.578716926477690
-0.587619317653276
-0.595955532553496
-0.603726549768295
-0.610934126938747
-0.617580764417244
-0.623669671848431
-0.629204737453986
-0.634190499787637
-0.638632121715866
-0.642535366372985
-0.645906574835605
-0.648752645259954
-0.651081013225560
-0.652899633030039
-0.654216959682091
-0.655041931343222
-0.655383951973526
-0.655252873943188
-0.654658980379738
-0.653612967031750
-0.652125923443135
-0.650209313248699
-0.647874953421511
-0.645134992325958
-0.642001886457237
-0.638488375778091
-0.634607457596640
-0.630372358964468
-0.625796507610959
-0.620893501467333
-0.615677076870674
-0.610161075573436
-0.604359410716091
-0.598286031948591
-0.591954889909032
-0.585379900284451
-0.578574907688192
-0.571553649590551
-0.564329720534155
-0.556916536853100
-0.549327302095848
-0.541574973327090
-0.533672228454502
-0.525631434693808
-0.517464618251446
-0.509183435269944
-0.500799144048428
-0.492322578521000
-0.483764122950450
-0.475133687774869
-0.466440686531398
-0.457694013774918
-0.448902023910611
-0.440072510867922
-0.431212688559441
-0.422329172091267
-0.413427959720710
-0.404514415592151
-0.395593253321243
-0.386668520540455
-0.377743584563778
-0.368821119373825
-0.359903094179086
-0.350990763831051
-0.342084661428619
-0.333184593469077
-0.324289637929094
-0.315398145674229
-0.306507745599719
-0.297615353897704
-0.288717187825312
-0.279808784313762
-0.270885023710365
-0.261940158883454
-0.252967849845534
-0.243961203963817
-0.234912821731646
-0.225814847971806
-0.216659028236242
-0.207436770059781
-0.198139208621647
-0.188757276271648
-0.179281775291404
-0.169703453188230
-0.160013079763022
-0.150201525155799
-0.140259838054782
-0.130179323257501
-0.119951617794903
-0.109568764870595
-0.0990232849250219
-0.0883082432059325
-0.0774173133086547
-0.0663448362390527
-0.0550858746449361
-0.0436362619546273
-0.0319926462510630
-0.0201525287932814
-0.00811429717198235
0.00412274684988713
0.0165583647082023
0.0291913634773557
0.0420195832086915
0.0550398889834341
0.0682481674931937
0.0816393279688717
0.0952073072953386
0.108945079172660
0.122844667212753
0.136897161890791
0.151092741301001
0.165420695694197
0.179869455797067
0.194426624928543
0.209079014934519
0.223812685957032
0.238612990036585
0.253464618515882
0.268351653169912
0.283257620931792
0.298165552017600
0.313058041178829
0.327917311731150
0.342725281926350
0.357463633154648
0.372113879391243
0.386657437238023
0.401075695862600
0.415350086105500
0.429462148014682
0.443393596076063
0.457126381439609
0.470642750491905
0.483925299196183
0.496957022706530
0.509721359861057
0.522202232265027
0.534384077785185
0.546251878386591
0.557791182349315
0.568988121001030
0.579829420190113
0.590302406800342
0.600395010671380
0.610095762338452
0.619393787039972
0.628278795464111
0.636741071715393
0.644771458981784
0.652361343373049
0.659502636383860
0.666187756412170
0.672409609736047
0.678161571322106
0.683437465807096
0.688231548962187
0.692538489917971
0.696353354397889
0.699671589179155
0.702489007973772
0.704801778898056
0.706606413677342
0.707899758713285
0.708678988124200
0.708941598854221
0.708685407934284
0.707908551966987
0.706609488897785
0.704787002126513
0.702440207005416
0.699568559762361
0.696171868880200
0.692250308954851
0.687804437045043
0.682835211515231
0.677344013359263
0.671332669975369
0.664803481342138
0.657759248519740
0.650203304369883
0.642139546351305
0.633572471204248
0.624507211286968
0.614949572269453
0.604906071824307
0.594383978882338
0.583391352941716
0.571937082835902
0.560030924278972
0.547683535420142
0.534906509555943
0.521712404072768
0.508114764629676
0.494128143546988
0.479768111346385
0.465051260398987
0.449995199684884
0.434618539755298
0.418940867120187
0.402982707460430
0.386765477283013
0.370311423895042
0.353643553859914
0.336785550405442
0.319761680565522
0.302596693138521
0.285315708820760
0.267944104106638
0.250507390724323
0.233031092486978
0.215540621477723
0.198061155450331
0.180617518220267
0.163234064650061
0.145934571610826
0.128742136042652
0.111679080956453
0.0947668699348801
0.0780260304151360
0.0614760857848405
0.0451354961037797
0.0290216070864099
0.0131506068462738
-0.00246251018506316
-0.0178039727969790
-0.0328612566342441
-0.0476231025349311
-0.0620795301213958
-0.0762218471132429
-0.0900426547345990
-0.103535849481733
-0.116696621406811
-0.129521448964548
-0.142008090365278
-0.154155571284575
-0.165964168699400
-0.177435390556852
-0.188571950936423
-0.199377740342185
-0.209857790759153
-0.220018235129174
-0.229866260946407
-0.239410057740603
-0.248658758306739
-0.257622373650159
-0.266311721744280
-0.274738350339127
-0.282914454208692
-0.290852787377644
-0.298566571016990
-0.306069397837339
-0.313375133930852
-0.320497819112642
-0.327451566883955
-0.334250465178736
-0.340908479059509
-0.347439356496832
-0.353856538299848
-0.360173073166109
-0.366401538691230
-0.372553969028426
-0.378641789721203
-0.384675760056372
-0.390665923106227
-0.396621563455134
-0.402551172442903
-0.408462420610505
-0.414362136906998
-0.420256294112864
-0.426149999855922
-0.432047492542314
-0.437952141496109
-0.443866450595759
-0.449792064711992
-0.455729778287427
-0.461679545450625
-0.467640491123711
-0.473610922660303
-0.479588341636533
-0.485569455509833
-0.491550188955307
-0.497525694785560
-0.503490364454404
-0.509437838235797
-0.515361015254334
-0.521252063620615
-0.527102430991698
-0.532902855931588
-0.538643380487509
-0.544313364422839
-0.549901501555682
-0.555395838642220
-0.560783797215673
-0.566052198745263
-0.571187293415766
-0.576174792748925
-0.580999906195552
-0.585647381724918
-0.590101550329899
-0.594346374256676
-0.598365498661308
-0.602142306296801
-0.605659974747888
-0.608901535660335
-0.611849935360426
-0.614488096230298
-0.616798978197062
-0.618765639707978
-0.620371297599078
-0.621599385318386
-0.622433609034162
-0.622858001240064
-0.622856971558727
-0.622415354539409
-0.621518454340300
-0.620152086278644
-0.618302615319408
-0.615956991653725
-0.613102783590411
-0.609728208046819
-0.605822158978874
-0.601374234134808
-0.596374760553369
-0.590814819256178
-0.584686269606361
-0.577981773822528
-0.570694822149524
-0.562819759195505
-0.554351811949062
-0.545287119989917
-0.535622768401194
-0.525356823878916
-0.514488374512755
-0.503017573678161
-0.490945688429795
-0.478275152714992
-0.465009625628346
-0.451154054798302
-0.436714744827701
-0.421699430496202
-0.406117354168184
-0.389979346531176
-0.373297909416249
-0.356087299025879
-0.338363607425304
-0.320144839655712
-0.301450983325690
-0.282304067064358
-0.262728203817841
-0.242749614690627
-0.222396628930230
-0.201699655783092
-0.180691124360790
-0.159405388382461
-0.137878593712572
-0.116148507971706
-0.0942543131045133
-0.0722363635485638
-0.0501359144339528
-0.0279948259087477
-0.00585525107874793
0.0162406839638386
0.0382511990696033
0.0601351690450188
0.0818524145047161
0.103363967433274
0.124632305816027
0.145621553419693
0.166297642604160
0.186628439782200
0.206583834694060
0.226135795943154
0.245258396199559
0.263927811108210
0.282122296256832
0.299822146604705
0.317009642599982
0.333668986877463
0.349786234985995
0.365349223093818
0.380347495101773
0.394772231088778
0.408616178542995
0.421873587408709
0.434540149609806
0.446612943397048
0.458090382606070
0.468972170701320
0.479259259312401
0.488953810836924
0.498059164582041
0.506579805839611
0.514521337232679
0.521890451629924
0.528694905897061
0.534943494738241
0.540646023875479
0.545813281820099
0.550457009507990
0.554589867101422
0.558225397305887
0.561377984612684
0.564062809958241
0.566295800390419
0.568093573450576
0.569473376117076
0.570453018309192
0.571050801116467
0.571285440092668
0.571175984129397
0.570741730594842
0.570002137580328
0.568976734233003
0.567685030259663
0.566146425757690
0.564380122559281
0.562405038261691
0.560239724058531
0.557902287387125
0.555410320269120
0.552780834052224
0.550030201068596
0.547174103518960
0.544227489680841
0.541204537333605
0.538118624100894
0.534982304239675
0.531807291260292
0.528604445647318
0.525383766868935
0.522154388813546
0.518924577775485
0.515701732125141
0.512492382839876
0.509302194137611
0.506135963541415
0.502997620807545
0.499890225267773
0.496815961266435
0.493776131510626
0.490771148295647
0.487800522714655
0.484862852109016
0.481955806161436
0.479076112174762
0.476219540212349
0.473380888897455
0.470553972775472
0.467731612229684
0.464905627004086
0.462066834421222
0.459205053384593
0.456309115220236
0.453366882337832
0.450365275576691
0.447290310946503
0.444127146279236
0.440860138081709
0.437472908625094
0.433948423037142
0.430269075886220
0.426416786475538
0.422373101813859
0.418119306007836
0.413636534641961
0.408905892583756
0.403908573580398
0.398625980001321
0.393039841128851
0.387132328501690
0.380886166967370
0.374284740290480
0.367312190382990
0.359953509460097
0.352194624668483
0.344022474973306
0.335425080316658
0.326391603266055
0.316912403551263
0.306979086037464
0.296584542800239
0.285722990051994
0.274390000720459
0.262582533498253
0.250298959169318
0.237539084974192
0.224304177702521
0.210596986098581
0.196421763034150
0.181784287743272
0.166691888225627
0.151153463710258
0.135179506831178
0.118782124904178
0.101975059415208
0.0847737025431605
0.0671951092545300
0.0492580032389795
0.0309827747210264
0.0123914680049316
-0.00649224348959244
-0.0256430969404639
-0.0450342966978402
-0.0646375895645887
-0.0844233602071216
-0.104360747550492
-0.124417782303972
-0.144561544946770
-0.164758342620569
-0.184973902480780
-0.205173578214408
-0.225322565703817
-0.245386123262366
-0.265329791537512
-0.285119608099769
-0.304722311919916
-0.324105533367414
-0.343237966004406
-0.362089517249588
-0.380631435882204
-0.398836415283100
-0.416678672205445
-0.434134001680621
-0.451179809355850
-0.467795123105584
-0.483960586149161
-0.499658434146047
-0.514872458840633
-0.529587960811064
-0.543791693764755
-0.557471802641738
-0.570617757559190
-0.583220285377273
-0.595271300404942
-0.606763835508283
-0.617691974642886
-0.628050787612454
-0.637836267661714
-0.647045272344433
-0.655675467966458
-0.663725277787912
-0.671193834075641
-0.678080934024055
-0.684386999506928
-0.690113040581446
-0.695260622636406
-0.699831837056286
-0.703829275259830
-0.707256005963906
-0.710115555518966
-0.712411891160174
-0.714149407016942
-0.715332912722329
-0.715967624461773
-0.716059158297369
-0.715613525598907
-0.714637130406019
-0.713136768536688
-0.711119628246252
-0.708593292227839
-0.705565740730158
-0.702045355552149
-0.698040924656547
-0.693561647126546
-0.688617138172251
-0.683217433877148
-0.677372995360471
-0.671094712019981
-0.664393903512401
-0.657282320126602
-0.649772141208557
-0.641875971308095
-0.633606833736185
-0.624978161248472
-0.616003783606269
-0.606697911809934
-0.597075118851172
-0.587150316889112
-0.576938730818766
-0.566455868267856
-0.555717486126796
-0.544739553784563
-0.533538213307691
-0.522129736858264
-0.510530481697210
-0.498756843159397
-0.486825206015520
-0.474751894651505
-0.462553122498839
-0.450244941139161
-0.437843189484712
-0.425363443404258
-0.412820966124127
-0.400230659688399
-0.387607017713721
-0.374964079625446
-0.362315386515456
-0.349673938720464
-0.337052155184959
-0.324461834646824
-0.311914118667221
-0.299419456520268
-0.286987571962468
-0.274627431916490
-0.262347217127972
-0.250154294886376
-0.238055193940015
-0.226055581779469
-0.214160244510552
-0.202373069585648
-0.190697031708127
-0.179134182266273
-0.167685642688128
-0.156351602134487
-0.145131319961546
-0.134023133385294
-0.123024470764766
-0.112131870889340
-0.101341008605392
-0.0906467270496180
-0.0800430766705606
-0.0695233611177296
-0.0590801899611982
-0.0487055380767970
-0.0383908113967321
-0.0281269185871495
-0.0179043480778344
-0.00771324974014024
0.00245647960732276
0.0126151077847736
0.0227729769258122
0.0329404122888627
0.0431276312778263
0.0533446537391510
0.0636012145686141
0.0739066795999202
0.0842699656615100
0.0946994655815651
0.105202978798696
0.115787648102359
0.126459902888007
0.137225409172614
0.148089026481417
0.159054771590936
0.170125789000000
0.181304327902674
0.192591725356306
0.203988395275622
0.215493822840088
0.227106563876098
0.238824248766959
0.250643590450403
0.262560396083603
0.274569581987069
0.286665191518955
0.298840415577641
0.311087615480517
0.323398348018002
0.335763392531757
0.348172779912340
0.360615823452286
0.373081151523819
0.385556742074671
0.398029958949578
0.410487590048222
0.422915887322331
0.435300608595619
0.447627061160882
0.459880147070223
0.472044409988695
0.484104083430995
0.496043140147654
0.507845342374336
0.519494292608310
0.530973484532703
0.542266353674404
0.553356327357748
0.564226873504902
0.574861547836428
0.585244039041916
0.595358211520652
0.605188145334752
0.614718173070493
0.623932913365381
0.632817300926460
0.641356612936632
0.649536491817818
0.657342964389964
0.664762457531061
0.671781810503518
0.678388284165084
0.684569567326942
0.690313780557281
0.695609477755269
0.700445645838438
0.704811702896463
0.708697495167134
0.712093293186927
0.714989787460112
0.717378083977898
0.719249699903878
0.720596559724996
0.721410992149433
0.721685728015068
0.721413899455197
0.720589040552662
0.719205089699902
0.717256393871008
0.714737715002919
0.711644238676457
0.707971585283917
0.703715823868262
0.698873488819142
0.693441599612623
0.687417683783731
0.680799803322975
0.673586584688546
0.665777252623568
0.657371667960664
0.648370369582239
0.638774620681571
0.628586459434296
0.617808754138828
0.606445262814199
0.594500697150885
0.581980790590796
0.568892370163067
0.555243431519989
0.541043216400335
0.526302291495795
0.511032627412455
0.495247676109151
0.478962444867821
0.462193564522149
0.444959349359628
0.427279845843462
0.409176867103867
0.390674010055814
0.371796652045112
0.352571924137312
0.333028658567552
0.313197308475882
0.293109838857569
0.272799588637695
0.252301104889308
0.231649951390103
0.210882494873928
0.190035673391911
0.169146752066238
0.148253072121894
0.127391799363410
0.106599678199401
0.0859127969138524
0.0653663691780073
0.0449945358545136
0.0248301900481845
0.00490482719470203
-0.0147515791638207
-0.0341106763145485
-0.0531458073137600
-0.0718320639298016
-0.0901463200901160
-0.108067248633767
-0.125575324286838
-0.142652815736202
-0.159283769509213
-0.175453988105957
-0.191151004507909
-0.206364054829711
-0.221084050511752
-0.235303551087622
-0.249016738214770
-0.262219391336845
-0.274908865056907
-0.287084068043949
-0.298745443071343
-0.309894947594199
-0.320536034112256
-0.330673629435139
-0.340314111867150
-0.349465285259945
-0.358136348844557
-0.366337861751326
-0.374081701159807
-0.381381013093137
-0.388250154984971
-0.394704629303100
-0.400761007712325
-0.406436845497671
-0.411750586243220
-0.416721457064077
-0.421369355009174
-0.425714725577748
-0.429778434607474
-0.433581635081098
-0.437145630644777
-0.440491737819813
-0.443641149007623
-0.446614798426366
-0.449433233072504
-0.452116490672272
-0.454683986382718
-0.457154409730225
-0.459545632951001
-0.461874631540051
-0.464157417441255
-0.466408984939565
-0.468643268963965
-0.470873115190878
-0.473110261063330
-0.475365326618769
-0.477647813852047
-0.479966113230221
-0.482327515920532
-0.484738230287995
-0.487203401258722
-0.489727131223208
-0.492312501263479
-0.494961591623051
-0.497675500493036
-0.500454360356452
-0.503297351311443
-0.506202710979063
-0.509167740789636
-0.512188808630768
-0.515261348027732
-0.518379854210595
-0.521537877599785
-0.524728015409550
-0.527941902223588
-0.531170200534571
-0.534402592354699
-0.537627773092221
-0.540833448943583
-0.544006339066805
-0.547132183774020
-0.550195759905778
-0.553180904424747
-0.556070547091785
-0.558846752865952
-0.561490774407766
-0.563983114770877
-0.566303600053282
-0.568431461459364
-0.570345425914195
-0.572023814087651
-0.573444644443140
-0.574585741737284
-0.575424848272517
-0.575939736150129
-0.576108318788266
-0.575908760054569
-0.575319579509453
-0.574319752452902
-0.572888803702483
-0.571006894289021
-0.568654900525453
-0.565814485170736
-0.562468160663720
-0.558599344632850
-0.554192408090690
-0.549232716894246
-0.543706667191988
-0.537601715687516
-0.530906405630461
-0.523610389501168
-0.515704449390968
-0.507180516098455
-0.498031687967860
-0.488252250491112
-0.477837697682454
-0.466784756213969
-0.455091413271242
-0.442756949048032
-0.429781974743092
-0.416168476845107
-0.401919868385380
-0.387041047692958
-0.371538464992616
-0.355420196930709
-0.338696028785618
-0.321377543707499
-0.303478217828113
-0.285013519482473
-0.266001010093859
-0.246460443507312
-0.226413859742335
-0.205885668318196
-0.184902715548207
-0.163494329583825
-0.141692336611432
-0.119531041567628
-0.0970471671424787
-0.0742797457641559
-0.0512699607452015
-0.0280609348066923
-0.00469746669963641
0.0187742805435480
0.0423071332936195
0.0658532937911096
0.0893647479812664
0.112793681755017
0.136092891976468
0.159216178991659
0.182118708563710
0.204757333222016
0.227090865619207
0.249080299383938
0.270688975860446
0.291882697790624
0.312629793235281
0.332901134736140
0.352670119850512
0.371912619770685
0.390606902839879
0.408733539492919
0.426275294588932
0.443217012367852
0.459545498441517
0.475249402395311
0.490319103780034
0.504746603550601
0.518525422377652
0.531650506727589
0.544118143174575
0.555925881067589
0.567072463416080
0.577557765667094
0.587382741912487
0.596549377975371
0.605060650769462
0.612920493294430
0.620133764616868
0.626706224183839
0.632644509819235
0.637956118758761
0.642649391084757
0.646733494925780
0.650218412787463
0.653114928380751
0.655434613312294
0.657189813001200
0.658393631188475
0.659059912413164
0.659203221844955
0.658838821890003
0.657982645027605
0.656651262392667
0.654861847694491
0.652632136157235
0.649980378281482
0.646925288358117
0.643485987812456
0.639681943613855
0.635532902148186
0.631058819110678
0.626279786127009
0.621215954943277
0.615887460132771
0.610314341342579
0.604516466140662
0.598513454520722
0.592324606076958
0.585968830775188
0.579464584124566
0.572829807401363
0.566081873400684
0.559237538002395
0.552312897643162
0.545323352596543
0.538283575785723
0.531207486695939
0.524108229821448
0.516998156978884
0.509888812747338
0.502790922256044
0.495714380532572
0.488668242646149
0.481660713929719
0.474699139637656
0.467789993490505
0.460938864670518
0.454150442959018
0.447428501845714
0.440775879588272
0.434194458354903
0.427685141740792
0.421247831107954
0.414881401354426
0.408583676869125
0.402351408569164
0.396180253042405
0.390064754924489
0.383998333720970
0.377973276335825
0.371980736581713
0.366010742919739
0.360052215602720
0.354092994273091
0.348119876893796
0.342118670669037
0.336074255346189
0.329970658987677
0.323791145972578
0.317518316645139
0.311134217686304
0.304620461960843
0.297958356303073
0.291129035463409
0.284113600258912
0.276893257862864
0.269449462136524
0.261764051951197
0.253819385566807
0.245598469316282
0.237085079081883
0.228263873326381
0.219120496743623
0.209641673904432
0.199815292580459
0.189630476718030
0.179077649295576
0.168148585524006
0.156836457033933
0.145135867833825
0.133042882918019
0.120555050453581
0.107671418482100
0.0943925470392984
0.0807205165248771
0.0666589330506681
0.0522129313604387
0.0373891757531029
0.0221958592565275
0.00664270109576720
-0.00925905771763271
-0.0254966610737599
-0.0420558473542388
-0.0589208627661424
-0.0760744794616603
-0.0934980196545094
-0.111171387069843
-0.129073107132880
-0.147180377299093
-0.165469128843581
-0.183914101250202
-0.202488930067880
-0.221166248734099
-0.239917804413171
-0.258714587376870
-0.277526972892596
-0.296324874011359
-0.315077903101111
-0.333755539488301
-0.352327300187997
-0.370762910450598
-0.389032470752017
-0.407106616913662
-0.424956670255165
-0.442554775040993
-0.459874020955535
-0.476888548896104
-0.493573638971794
-0.509905780200127
-0.525862721968367
-0.541423507843286
-0.556568492751167
-0.571279344895952
-0.585539034033115
-0.599331807872346
-0.612643158451219
-0.625459780316531
-0.637769522283663
-0.649561334431766
-0.660825211847850
-0.671552136468741
-0.681734018197266
-0.691363636296741
-0.700434581902656
-0.708941202337047
-0.716878547772603
-0.724242320671515
-0.731028828319107
-0.737234938683866
-0.742858039762760
-0.747896002512269
-0.752347147419853
-0.756210214735939
-0.759484338361271
-0.762169023367132
-0.764264127114893
-0.765769843935379
-0.766686693326297
-0.767015511626448
-0.766757447127564
-0.765913958587537
-0.764486817111629
-0.762478111370242
-0.759890256122150
-0.756726004010119
-0.752988460590621
-0.748681102550370
-0.743807799048597
-0.738372836104840
-0.732380943926491
-0.725837327037835
-0.718747697032037
-0.711118307718879
-0.702955992383640
-0.694268202806194
-0.685063049614255
-0.675349343461656
-0.665136636432514
-0.654435262977455
-0.643256379591233
-0.631612002345919
-0.619515041304930
-0.606979330765962
-0.594019654221635
-0.580651762892158
-0.566892386681369
-0.552759236442785
-0.538270996521366
-0.523447306663569
-0.508308732564718
-0.492876724547473
-0.477173564133602
-0.461222298575095
-0.445046663737933
-0.428670996067677
-0.412120134693156
-0.395419315024748
-0.378594055459329
-0.361670038999119
-0.344672991714245
-0.327628560021308
-0.310562188710582
-0.293499001536270
-0.276463685996570
-0.259480383686438
-0.242572587322585
-0.225763045235484
-0.209073673815489
-0.192525478106330
-0.176138480474084
-0.159931657054219
-0.143922881501468
-0.128128875440942
-0.112565164944968
-0.0972460423364759
-0.0821845326420680
-0.0673923640804126
-0.0528799420674542
-0.0386563263419545
-0.0247292109557913
-0.0111049070262397
0.00221167169450511
0.0152170202202200
0.0279090503392845
0.0402870947302009
0.0523519065623028
0.0641056538613180
0.0755519078477370
0.0866956244155463
0.0975431179138295
0.108102026427416
0.118381267827661
0.128390985981863
0.138142486669446
0.147648162952633
0.156921409984483
0.165976529501073
0.174828624528191
0.183493485124898
0.191987466273901
0.200327359297932
0.208530258418332
0.216613424263599
0.224594146270612
0.232489605990998
0.240316743314786
0.248092127552134
0.255831835174580
0.263551335817113
0.271265387891631
0.278987944874013
0.286732073015362
0.294509880907851
0.302332461021171
0.310209843029714
0.318150958483842
0.326163616149186
0.334254487151151
0.342429098920590
0.350691836841269
0.359045952448744
0.367493577020324
0.376035739422746
0.384672387142948
0.393402409512763
0.402223662245117
0.411132992522496
0.420126264013203
0.429198381333188
0.438343313616903
0.447554117006344
0.456822956009770
0.466141123817525
0.475499061788869
0.484886378437705
0.494291868343693
0.503703531495442
0.513108593631388
0.522493528179095
0.531844080402687
0.541145294349515
0.550381543140070
0.559536563070067
0.568593491892058
0.577534911518971
0.586342895248014
0.594999059446291
0.603484619476125
0.611780449476255
0.619867145462685
0.627725091078080
0.635334525207987
0.642675610601916
0.649728502591229
0.656473416986057
0.662890696259840
0.668960873190353
0.674664731216133
0.679983360881372
0.684898211874065
0.689391140304259
0.693444451014812
0.697040934859350
0.700163901015805
0.702797204524307
0.704925269342382
0.706533107296385
0.707606333375466
0.708131177863535
0.708094495837146
0.707483774575117
0.706287139431420
0.704493358719448
0.702091848145796
0.699072675318164
0.695426564837297
0.691144904469410
0.686219752885159
0.680643849445512
0.674410626514842
0.667514224787992
0.659949512130941
0.651712106453699
0.642798403158071
0.633205607730145
0.622931774075175
0.611975849217172
0.600337725002207
0.588018297446829
0.575019534353335
0.561344551762281
0.546997699718327
0.531984657675050
0.516312539643415
0.499990008881727
0.483027401517211
0.465436857967929
0.447232460389959
0.428430373607724
0.409048986105468
0.389109046691536
0.368633791440398
0.347649054540210
0.326183355820266
0.304267957120054
0.281936879421709
0.259226872934890
0.236177333214444
0.212830157982763
0.189229541630122
0.165421707299748
0.141454579853564
0.117377406589667
0.0932403360051091
0.0690939678028783
0.0449888893947064
0.0209752151015043
-0.00289785601903601
-0.0265824492499829
-0.0500323782020710
-0.0732034549024083
-0.0960537407251712
-0.118543736449642
-0.140636512957641
-0.162297786757198
-0.183495946507811
-0.204202037987140
-0.224389715522287
-0.244035167909972
-0.263117026398632
-0.281616261539366
-0.299516074760348
-0.316801789489474
-0.333460745626832
-0.349482200210795
-0.364857236265649
-0.379578681082080
-0.393641034568280
-0.407040407812536
-0.419774471605592
-0.431842414367342
-0.443244908690957
-0.453984085542420
-0.464063515020201
-0.473488192476113
-0.482264528714537
-0.490400342915879
-0.497904856867087
-0.504788689025383
-0.511063846892092
-0.516743716134932
-0.521843044874971
-0.526377921556340
-0.530365744851670
-0.533825184133814
-0.536776129174268
-0.539239627919151
-0.541237811450288
-0.542793805563999
-0.543931628790572
-0.544676077124285
-0.545052596222134
-0.545087142337748
-0.544806033758910
-0.544235794982631
-0.543402996259679
-0.542334091441697
-0.541055257243820
-0.539592237077171
-0.537970192501309
-0.536213565099955
-0.534345951207984
-0.532389991437014
-0.530367276391088
-0.528298269367238
-0.526202246233081
-0.524097252097880
-0.522000073872446
-0.519926227368395
-0.517889957232383
-0.515904247752557
-0.513980842412477
-0.512130269996388
-0.510361875059451
-0.508683850655290
-0.507103271348034
-0.505626124714150
-0.504257339749274
-0.503000810826986
-0.501859416102474
-0.500835029508394
-0.499928525749374
-0.499139777963376
-0.498467647981584
-0.497909969383434
-0.497463523809906
-0.497124011265679
-0.496886015408056
-0.496742965084878
-0.496687093640259
-0.496709397749334
-0.496799597761925
-0.496946101718932
-0.497135975340993
-0.497354920361975
-0.497587263575640
-0.497815958868778
-0.498022604317651
-0.498187476120808
-0.498289580730446
-0.498306726034577
-0.498215611849811
-0.497991939334494
-0.497610538256543
-0.497045510387198
-0.496270386681027
-0.495258295382457
-0.493982137803532
-0.492414768271823
-0.490529174665497
-0.488298656036590
-0.485696994063013
-0.482698615443558
-0.479278742828666
-0.475413532428407
-0.471080197022049
-0.466257113676664
-0.460923916035690
-0.455061571539136
-0.448652444369111
-0.441680345268885
-0.434130569658674
-0.425989925670080
-0.417246753850825
-0.407890940361739
-0.397913925509513
-0.387308709441857
-0.376069856785387
-0.364193501937896
-0.351677356640075
-0.338520721348868
-0.324724501814041
-0.310291232116864
-0.295225105257645
-0.279532012167279
-0.263219589754858
-0.246297278275004
-0.228776387890993
-0.210670173809871
-0.191993918763957
-0.172765020905401
-0.153003084372245
-0.132730008893897
-0.111970073866259
-0.0907500113970931
-0.0690990619777346
-0.0470490057763024
-0.0246341621846543
-0.00189135030799059
0.0211401963249943
0.0444189663474943
0.0679013620944874
0.0915419472851502
0.115293749073498
0.139108609449101
0.162937577727000
0.186731332948745
0.210440622745723
0.234016703858900
0.257411769232912
0.280579347444631
0.303474662086950
0.326054941388396
0.348279671507808
0.370110790268843
0.391512821278084
0.412452951148199
0.432901054752330
0.452829674985898
0.472213964407331
0.491031596433567
0.509262653583925
0.526889499720467
0.543896642447804
0.560270590921491
0.575999713362672
0.591074097655762
0.605485417561951
0.619226806341205
0.632292738951164
0.644678923483304
0.656382202097905
0.667400461418189
0.677732552126589
0.687378217358147
0.696338029393869
0.704613334107948
0.712206202606208
0.719119389499709
0.725356297279602
0.730920946290778
0.735817949837826
0.740052493993516
0.743630321714459
0.746557720898748
0.748841516044584
0.750489063186099
0.751508247792083
0.751907485314804
0.751695724069426
0.750882450110038
0.749477693746352
0.747492037316721
0.744936623799192
0.741823165804547
0.738163954455330
0.733971867615177
0.729260376895725
0.724043552837163
0.718336067636066
0.712153194784018
0.705510804985949
0.698425357751089
0.690913888094637
0.682993987856440
0.674683781234880
0.666001894249287
0.656967417980424
0.647599865592208
0.637919123303556
0.627945395650303
0.617699145545630
0.607201029804820
0.596471830937790
0.585532386122739
0.574403514349567
0.563105942757594
0.551660233185900
0.540086709906298
0.528405389421185
0.516635913086260
0.504797483168483
0.492908802781152
0.480988019959967
0.469052675965815
0.457119657730721
0.445205154210794
0.433324616280496
0.421492719701003
0.409723330624776
0.398029473060334
0.386423297715382
0.374916051661945
0.363518048321640
0.352238637350056
0.341086174103142
0.330067988492079
0.319190353172779
0.308458451168288
0.297876343183159
0.287446935034505
0.277171945790738
0.267051877371494
0.257085986515997
0.247272260166643
0.237607395433929
0.228086785401538
0.218704512089718
0.209453347914283
0.200324766951311
0.191308967238554
0.182394905209703
0.173570343165396
0.164821910436067
0.156135178590875
0.147494750701770
0.138884364293829
0.130287007217158
0.121685045279431
0.113060360100799
0.104394495314001
0.0956688089507004
0.0868646296462819
0.0779634141715945
0.0689469037686238
0.0597972768290976
0.0504972956064479
0.0410304448826931
0.0313810608086954
0.0215344484816475
0.0114769871985939
0.00119622271002689
-0.00931905382506724
-0.0200787401279366
-0.0310913699613852
-0.0423640725228021
-0.0539025432112428
-0.0657110247500285
-0.0777922975414510
-0.0901476780790638
-0.102777024241709
-0.115678746336722
-0.128849822841765
-0.142285819909283
-0.155980913838368
-0.169927915879678
-0.184118298913972
-0.198542225727768
-0.213188578794720
-0.228044991652470
-0.243097882135612
-0.258332487879637
-0.273732904641425
-0.289282128082293
-0.304962099723053
-0.320753757801072
-0.336637093731708
-0.352591214797683
-0.368594413558606
-0.384624244291058
-0.400657606542239
-0.416670835615988
-0.432639799520873
-0.448540001611052
-0.464346687858750
-0.480034957430418
-0.495579875014493
-0.510956583182436
-0.526140412968558
-0.541106990835268
-0.555832340250929
-0.570292976243971
-0.584465991500562
-0.598329132831094
-0.611860867126945
-0.625040436245867
-0.637847900584463
-0.650264171403201
-0.662271032249731
-0.673851150069235
-0.684988076789396
-0.695666242318708
-0.705870940000329
-0.715588305621814
-0.724805291098526
-0.733509633931243
-0.741689823492975
-0.749335065133178
-0.756435243005826
-0.762980882437102
-0.768963112553882
-0.774373629799971
-0.779204662876428
-0.783448939557896
-0.787099655760216
-0.790150447166906
-0.792595363663825
-0.794428846782699
-0.795645710314908
-0.796241124226757
-0.796210601985725
-0.795549991393383
-0.794255469014144
-0.792323538288978
-0.789751031429191
-0.786535115196422
-0.782673300690613
-0.778163457286921
-0.773003830884607
-0.767193066654664
-0.760730236497286
-0.753614871443498
-0.745846999255645
-0.737427187496518
-0.728356592343907
-0.718637013422697
-0.708270954906225
-0.697261693097400
-0.685613350632524
-0.673330977350464
-0.660420637730023
-0.646889504612172
-0.632745958684737
-0.617999692909821
-0.602661820715579
-0.586744986354398
-0.570263475354369
-0.553233322472548
-0.535672414017398
-0.517600580874385
-0.499039678083913
-0.480013646435130
-0.460548551311299
-0.440672594014147
-0.420416091064902
-0.399811417575966
-0.378892911735621
-0.357696738744037
-0.336260714139397
-0.314624088273213
-0.292827295610343
-0.270911674388607
-0.248919163809123
-0.226891987183576
-0.204872330210617
-0.182902023712238
-0.161022239715752
-0.139273208765719
-0.117693964897918
-0.0963221229498075
-0.0751936909843276
-0.0543429187291118
-0.0338021812220263
-0.0136018954123753
0.00622953364059496
0.0256657410805016
0.0446824095909712
0.0632572603666191
0.0813700321700163
0.0990024525767365
0.116138205028185
0.132762894751476
0.148864016012158
0.164430922573574
0.179454802670195
0.193928659276398
0.207847295974222
0.221207308295623
0.234007080034583
0.246246783688214
0.257928383889061
0.269055642429098
0.279634123246847
0.289671195552362
0.299176033102780
0.308159607519022
0.316634673459942
0.324615743454165
0.332119050243864
0.339162494631103
0.345765577047319
0.351949311398140
0.357736120172441
0.363149710342638
0.368214930210906
0.372957608051791
0.377404374135274
0.381582468446814
0.385519537108188
0.389243421098654
0.392781941336079
0.396162684465220
0.399412793789473
0.402558769661685
0.405626283323786
0.408640007674516
0.411623467783685
0.414598913204679
0.417587213314257
0.420607776080458
0.423678489872375
0.426815687218204
0.430034128819377
0.433347005656253
0.436765956681921
0.440301099392620
0.443961070476237
0.447753073759227
0.451682932779242
0.455755145486820
0.459972938806901
0.464338321053433
0.468852130474715
0.473514078502890
0.478322786580697
0.483275815737507
0.488369688382051
0.493599902070338
0.498960935293970
0.504446245616931
0.510048260768090
0.515758363571379
0.521566871863802
0.527463014808915
0.533434907254072
0.539469523994743
0.545552675987778
0.551668990684787
0.557801898722954
0.563933629199743
0.570045215657649
0.576116514706087
0.582126238905363
0.588052005134439
0.593870399169990
0.599557056637120
0.605086759878439
0.610433549660841
0.615570850035463
0.620471604124236
0.625108418161785
0.629453710803778
0.633479864542285
0.637159376054092
0.640465002445806
0.643369900635077
0.645847757495718
0.647872908864805
0.649420446027426
0.650466308825330
0.650987365048356
0.650961476236560
0.650367550427844
0.649185582719398
0.647396684767094
0.644983104527068
0.641928237654685
0.638216632027957
0.633833986867179
0.628767147892745
0.623004099911116
0.616533958156136
0.609346959649121
0.601434455784428
0.592788907303731
0.583403882796186
0.573274061855286
0.562395244036901
0.550764364795041
0.538379519618512
0.525239997646658
0.511346326096915
0.496700326878761
0.481305186782028
0.465165542592158
0.448287582375847
0.430679163967500
0.412349951334982
0.393311568973732
0.373577773730943
0.353164642458944
0.332090772610307
0.310377491306121
0.288049066552208
0.265132912208052
0.241659776148925
0.217663898990201
0.193183129022254
0.168258977954588
0.142936602041866
0.117264694498724
0.0912952780544108
0.0650833911349595
0.0386866673319695
0.0121648150824629
-0.0144209878678924
-0.0410087635179961
-0.0675364388223139
-0.0939425563289032
-0.120166958940828
-0.146151419818154
-0.171840193305831
-0.197180469477249
-0.222122722501358
-0.246620950621634
-0.270632812264556
-0.294119668108914
-0.317046542571218
-0.339382020090713
-0.361098092027997
-0.382169969243163
-0.402575873855679
-0.422296821654731
-0.441316404416669
-0.459620579214617
-0.477197469820939
-0.494037183588739
-0.510131645786939
-0.525474452252089
-0.540060740383970
-0.553887077914245
-0.566951368476422
-0.579252772760150
-0.590791643905841
-0.601569475754109
-0.611588862581174
-0.620853469003978
-0.629368008809785
-0.637138231540832
-0.644170915735068
-0.650473867781574
-0.656055925388998
-0.660926964683874
-0.665097909951874
-0.668580745008891
-0.671388525142428
-0.673535388500422
-0.675036565729734
-0.675908386587077
-0.676168282169919
-0.675834781354471
-0.674927499993933
-0.673467121435635
-0.671475366973015
-0.668974954969513
-0.665989547585617
-0.662543684313203
-0.658662701873283
-0.654372640458293
-0.649700136784572
-0.644672304943869
-0.639316606576777
-0.633660712403089
-0.627732357598757
-0.621559193871638
-0.615168641328121
-0.608587743317256
-0.601843027376161
-0.594960375180096
-0.587964904035445
-0.580880861967593
-0.573731537881003
-0.566539187643558
-0.559324976310801
-0.552108936095307
-0.544909939133765
-0.537745683633907
-0.530632691610888
-0.523586316155451
-0.516620756013662
-0.509749075193591
-0.502983225337000
-0.496334068690135
-0.489811399662807
-0.483423963164985
-0.477179468142807
-0.471084594991082
-0.465144995789284
-0.459365286587659
-0.453749031256376
-0.448298716702792
-0.443015719559914
-0.437900264754228
-0.432951376673982
-0.428166823980062
-0.423543059429461
-0.419075156412591
-0.414756744233943
-0.410579944481234
-0.406535311117847
-0.402611777180068
-0.398796611144190
-0.395075386126561
-0.391431965069075
-0.387848504921746
-0.384305482545531
-0.380781744611975
-0.377254583171102
-0.373699837807200
-0.370092024429253
-0.366404489788296
-0.362609589829069
-0.358678889028036
-0.354583377007015
-0.350293698001565
-0.345780388256878
-0.341014116156951
-0.335965919882551
-0.330607437635891
-0.324911125941624
-0.318850462193998
-0.312400128416874
-0.305536174078440
-0.298236156698305
-0.290479259848774
-0.282246388941740
-0.273520245876715
-0.264285384185311
-0.254528246735775
-0.244237188360591
-0.233402485950244
-0.222016338631538
-0.210072860635537
-0.197568069374795
-0.184499871106502
-0.170868046369292
-0.156674237154973
-0.141921937516720
-0.126616489023336
-0.110765082142689
-0.0943767642719429
-0.0774624547217161
-0.0600349665001109
-0.0421090342262306
-0.0237013469307821
-0.00483058387842840
0.0144825491143475
0.0342152860680168
0.0543427737935759
0.0748380558575391
0.0956720724661746
0.116813681441734
0.138229705459224
0.159885010370545
0.181742618710345
0.203763861328986
0.225908568545833
0.248135300322120
0.270401612828895
0.292664356590390
0.314879999306504
0.337004964699962
0.358995977476558
0.380810403868581
0.402406577323050
0.423744099690205
0.444784109678653
0.465489512222492
0.485825164563218
0.505758017082857
0.525257209047148
0.544294121276612
0.562842389255704
0.580877881264833
0.598378646773289
0.615324840597984
0.631698628273517
0.647484077767293
0.662667042185256
0.677235037520077
0.691177118854611
0.704483757796448
0.717146723318869
0.729158967641527
0.740514518313131
0.751208377262371
0.761236427261092
0.770595345989902
0.779282527703797
0.787296012355331
0.794634421937055
0.801296903744960
0.807283080233371
0.812593005122401
0.817227125426435
0.821186249091378
0.824471517956021
0.827084385785756
0.829026601162699
0.830300195053196
0.830907472910204
0.830851011203005
0.830133658299166
0.828758539652661
0.826729067276921
0.824048953501312
0.820722229023403
0.816753265276220
0.812146801128415
0.806907973924636
0.801042354851778
0.794555988582736
0.787455437100964
0.779747827544920
0.771440903829609
0.762543081701645
0.753063506763509
0.743012114861861
0.732399694074665
0.721237947354743
0.709539554697179
0.697318233500785
0.684588795598159
0.671367199245574
0.657670594206617
0.643517357947481
0.628927120904189
0.613920778799608
0.598520490096838
0.582749656887637
0.566632887837224
0.550195942239469
0.533465654769922
0.516469841138566
0.499237185510315
0.481797111240974
0.464179637125789
0.446415221930966
0.428534600432496
0.410568614485371
0.392548042765801
0.374503432759548
0.356464938317246
0.338462165683619
0.320524030365677
0.302678626577402
0.284953110331387
0.267373596586673
0.249965070247103
0.232751310268296
0.215754825696658
0.198996802143359
0.182497056993262
0.166274001558898
0.150344608402460
0.134724382150333
0.119427332299135
0.104465946743571
0.0898511650296904
0.0755923506390426
0.0616972619287267
0.0481720216800356
0.0350210855369683
0.0222472099388850
0.00985142046330735
-0.00216701821050535
-0.0138106292355065
-0.0250837457067231
-0.0359925260257002
-0.0465449604492617
-0.0567508666660534
-0.0666218722333778
-0.0761713817836913
-0.0854145270858660
-0.0943680983290182
-0.103050455389754
-0.111481418344086
-0.119682137082260
-0.127674940558834
-0.135483166933463
-0.143130976594095
-0.150643150762160
-0.158044879014760
-0.165361539579045
-0.172618476621487
-0.179840778941563
-0.187053064469877
-0.194279274763723
-0.201542483301763
-0.208864720830569
-0.216266820346108
-0.223768283546627
-0.231387169815694
-0.239140008029713
-0.247041730771836
-0.255105629904916
-0.263343331931751
-0.271764791163438
-0.280378298429691
-0.289190502894229
-0.298206444474118
-0.307429594390761
-0.316861901486563
-0.326503842109501
-0.336354471582765
-0.346411475525037
-0.356671219557515
-0.367128796217279
-0.377778068185981
-0.388611707232832
-0.399621228557216
-0.410797020495927
-0.422128369829905
-0.433603483182223
-0.445209505239269
-0.456932534745637
-0.468757639414495
-0.480668871051922
-0.492649282308236
-0.504680946533093
-0.516744982216102
-0.528821583433785
-0.540890057591955
-0.552928871548313
-0.564915706925686
-0.576827525089289
-0.588640641874434
-0.600330811731944
-0.611873320529391
-0.623243085831960
-0.634414763113143
-0.645362856036878
-0.656061828729844
-0.666486217840049
-0.676610742163089
-0.686410407709773
-0.695860606279588
-0.704937205878274
-0.713616631653914
-0.721875936400752
-0.729692860069198
-0.737045878101177
-0.743914238762566
-0.750277989953605
-0.756117996233591
-0.761415946992613
-0.766154356839812
-0.770316559357778
-0.773886695402113
-0.776849697111791
-0.779191268748456
-0.780897865410256
-0.781956670576796
-0.782355573344100
-0.782083146108841
-0.781128623365199
-0.779481882189938
-0.777133424915211
-0.774074364426679
-0.770296412478608
-0.765791871388947
-0.760553629466585
-0.754575160530627
-0.747850527907528
-0.740374393336250
-0.732142031273701
-0.723149349171834
-0.713392914392560
-0.702869988534981
-0.691578570068324
-0.679517446288814
-0.666686255743130
-0.653085562376023
-0.638716942752908
-0.623583087763433
-0.607687920207980
-0.591036729578988
-0.573636325140058
-0.555495208039306
-0.536623762625786
-0.517034466323295
-0.496742116310956
-0.475764069831269
-0.454120493180395
-0.431834612353426
-0.408932955990644
-0.385445578837635
-0.361406251611116
-0.336852601255600
-0.311826184457358
-0.286372477361689
-0.260540766101944
-0.234383926268476
-0.207958084889737
-0.181322165641658
-0.154537326285493
-0.127666305889673
-0.100772707149464
-0.0739202449937466
-0.0471719957756106
-0.0205896811917877
0.00576698231710411
0.0318408440446677
0.0575777726536073
0.0829269948744585
0.107841319444531
0.132277253515789
0.156195024055890
0.179558520104640
0.202335173219627
0.224495793344205
0.246014376057395
0.266867895136819
0.287036091958422
0.306501270770498
0.325248106527771
0.343263469885657
0.360536272199996
0.377057331967689
0.392819263059768
0.407816384301692
0.422044649398123
0.435501595831370
0.448186311136663
0.460099414831124
0.471243054210423
0.481620912197165
0.491238225403950
0.500101810542441
0.508220097253988
0.515603165348081
0.522262784307890
0.528212452758102
0.533467435395429
0.538044794668479
0.541963414279675
0.545244011392201
0.547909134290329
0.549983142197449
0.551492164040650
0.552464033201052
0.552928195737199
0.552915590235654
0.552458498333530
0.551590366054908
0.550345597365450
0.548759322709220
0.546867146658704
0.544704880077312
0.542308263252584
0.539712687205521
0.536952920736824
0.534062850687916
0.531075242368489
0.528021526171064
0.524931615133199
0.521833756724494
0.518754420548275
0.515718222076474
0.512747881087362
0.509864212232562
0.507086144176516
0.504430763052807
0.501913375564785
0.499547586898993
0.497345388680075
0.495317252429001
0.493472224344479
0.491818017665478
0.490361099352408
0.489106768315039
0.488059222894856
0.487221615764537
0.486596094831155
0.486183829122374
0.485985019000840
0.485998890399130
0.486223673106432
0.486656563479809
0.487293672308892
0.488129958943117
0.489159153202978
0.490373667045014
0.491764498433213
0.493321130379430
0.495031428636604
0.496881542036441
0.498855809924169
0.500936681514422
0.503104652225391
0.505338222090717
0.507613881150178
0.509906126239775
0.512187512814561
0.514428744342842
0.516598800437410
0.518665103300799
0.520593720350933
0.522349599180342
0.523896829418920
0.525198924748410
0.526219117369573
0.526920656730476
0.527267104322612
0.527222616828408
0.526752210801132
0.525822003281837
0.524399424190692
0.522453397847821
0.519954492465314
0.516875037810721
0.513189212403265
0.508873102526696
0.503904736014550
0.498264094195287
0.491933105604136
0.484895625113846
0.477137402050841
0.468646040688944
0.459410956288552
0.449423329607318
0.438676062574360
0.427163737611644
0.414882582914089
0.401830445868204
0.388006776695493
0.373412624343657
0.358050646602377
0.341925136372256
0.325042065940428
0.307409150983495
0.289035935790144
0.269933900828072
0.250116593223211
0.229599779920671
0.208401622204651
0.186542868824721
0.164047063183289
0.140940757891196
0.117253727553118
0.0930191680286682
0.0682738678412699
0.0430583351811492
0.0174168624633435
-0.00860248989681972
-0.0349480074999400
-0.0615645474810067
-0.0883938838325994
-0.115375173484302
-0.142445535331040
-0.169540725130782
-0.196595880556237
-0.223546303899864
-0.250328246032360
-0.276879654829994
-0.303140854487991
-0.329055128423410
-0.354569186881044
-0.379633509686262
-0.404202563640729
-0.428234901849836
-0.451693158171755
-0.474543953736210
-0.496757734177992
-0.518308556182784
-0.539173840590859
-0.559334107112472
-0.578772703096167
-0.597475536092098
-0.615430817403555
-0.632628821566899
-0.649061664813448
-0.664723104061615
-0.679608356842295
-0.693713941732908
-0.707037538314109
-0.719577865315547
-0.731334575434338
-0.742308165249569
-0.752499898682703
-0.761911742538823
-0.770546312785102
-0.778406830364116
-0.785497085488313
-0.791821409509433
-0.797384653596812
-0.802192173587265
-0.806249820483873
-0.809563936179862
-0.812141354065703
-0.813989404241984
-0.815115923106875
-0.815529267114816
-0.815238330511917
-0.814252566843140
-0.812582013996169
-0.810237322496817
-0.807229786700777
-0.803571378436914
-0.799274782549141
-0.794353433659096
-0.788821553333291
-0.782694186690679
-0.775987237335590
-0.768717499354673
-0.760902684984516
-0.752561446450401
-0.743713390408883
-0.734379083410899
-0.724580046850868
-0.714338739992034
-0.703678529867245
-0.692623647150784
-0.681199127477802
-0.669430738143015
-0.657344890621239
-0.644968539893294
-0.632329072099602
-0.619454182544566
-0.606371746500969
-0.593109685581556
-0.579695832628019
-0.566157798098694
-0.552522840810791
-0.538817745618532
-0.525068710205157
-0.511301242663720
-0.497540070974985
-0.483809064898995
-0.470131170217540
-0.456528354730677
-0.443021564947956
-0.429630692042124
-0.416374545359687
-0.403270831610897
-0.390336137787452
-0.377585915870609
-0.365034467483954
-0.352694926801030
-0.340579240225771
-0.328698141611910
-0.317061122066762
-0.305676393687572
-0.294550846899621
-0.283690001400994
-0.273097951066768
-0.262777303523687
-0.252729115472896
-0.242952825210010
-0.233446184163398
-0.224205189635462
-0.215224021276558
-0.206494984132158
-0.198008461362103
-0.189752879913920
-0.181714692515667
-0.173878379311918
-0.166226472275652
-0.158739605169595
-0.151396591291896
-0.144174530522991
-0.137048946307677
-0.129993952189137
-0.122982446406731
-0.115986331937469
-0.108976758273187
-0.101924380256271
-0.0947996285174991
-0.0875729855300833
-0.0802152610557914
-0.0726978608304398
-0.0649930427097706
-0.0570741551411497
-0.0489158536894160
-0.0404942923602374
-0.0317872875584622
-0.0227744536201529
-0.0134373099007961
-0.00375936033660405
0.00627385281595181
0.0166747187362333
0.0274535485176782
0.0386185833153702
0.0501760169841535
0.0621300300357248
0.0744828318607962
0.0872347083678250
0.100384072462108
0.113927515110483
0.127859855093281
0.142174185925864
0.156861918829732
0.171912821042522
0.187315049173869
0.203055177736712
0.219118223407247
0.235487665985737
0.252145467435999
0.269072090761676
0.286246520816100
0.303646289419717
0.321247507351387
0.339024905862401
0.356951890310232
0.375000608301817
0.393142034359529
0.411346072573621
0.429581677993495
0.447816996663561
0.466019523271163
0.484156274402580
0.502193974467324
0.520099250524110
0.537838831593080
0.555379747625419
0.572689523160709
0.589736360847617
0.606489310421249
0.622918419383262
0.638994862461188
0.654691047862213
0.669980699310844
0.684838913800691
0.699242195840369
0.713168469689469
0.726597071637117
0.739508724763648
0.751885498850486
0.763710758180395
0.774969099923234
0.785646285657732
0.795729168365199
0.805205616971906
0.814064440235358
0.822295311484269
0.829888695446368
0.836835778142379
0.843128400594729
0.848758996899252
0.853720537038334
0.858006474674078
0.861610700048381
0.864527498030948
0.866751511293513
0.868277708546184
0.869101357747159
0.869218004187841
0.868623453359470
0.867313758523093
0.865285212930700
0.862534346680533
0.859057928233219
0.854852970666904
0.849916742808525
0.844246785444497
0.837840932886939
0.830697340250660
0.822814516880586
0.814191366457866
0.804827234403430
0.794721963287409
0.783875957037080
0.772290254809045
0.759966615444909
0.746907613453330
0.733116747441115
0.718598561835233
0.703358782575560
0.687404467191143
0.670744169274255
0.653388116809025
0.635348403069136
0.616639187851700
0.597276905653403
0.577280476030414
0.556671509853467
0.535474503548454
0.513717011820162
0.491429787959690
0.468646879846628
0.445405669417266
0.421746843924426
0.397714288968649
0.373354896150601
0.348718282255700
0.323856421928811
0.298823201431719
0.273673906736665
0.248464664239237
0.223251856128873
0.198091534421202
0.173038857552764
0.148147571277358
0.123469551686564
0.0990544230354256
0.0749492573411445
0.0511983570944509
0.0278431174353406
0.00492196018198880
-0.0175296706461420
-0.0394792636931239
-0.0608971578292240
-0.0817564342689777
-0.102032794019741
-0.121704429966785
-0.140751901255942
-0.159158015977279
-0.176907726597214
-0.193988041200537
-0.210387952419538
-0.226098384948395
-0.241112161752136
-0.255423988453767
-0.269030454888283
-0.281930052413926
-0.294123205236585
-0.305612313703098
-0.316401807228548
-0.326498204222438
-0.335910176056451
-0.344648611767979
-0.352726679823076
-0.360159882884630
-0.366966101171722
-0.373165619691093
-0.378781134418508
-0.383837732462009
-0.388362841410267
-0.392386143514875
-0.395939451122782
-0.399056540891164
-0.401772945779196
-0.404125705578324
-0.406153078731032
-0.407894220272221
-0.409388832748379
-0.410676798750994
-0.411797805068780
-0.412790969272178
-0.413694479696332
-0.414545259253829
-0.415378662325745
-0.416228212255755
-0.417125384864951
-0.418099441101874
-0.419177309633696
-0.420383518041946
-0.421740169444032
-0.423266959907379
-0.424981230995219
-0.426898051176848
-0.429030319611401
-0.431388885911091
-0.433982679834356
-0.436818845377190
-0.439902874353668
-0.443238735226714
-0.446828993622555
-0.450674921605709
-0.454776593386307
-0.459132965669556
-0.463741941337930
-0.468600415586716
-0.473704304023565
-0.479048552606785
-0.484627129650200
-0.490433000480182
-0.496458085706815
-0.502693204478126
-0.509128004531659
-0.515750881344079
-0.522548889202612
-0.529507647569096
-0.536611246655539
-0.543842156645993
-0.551181145439636
-0.558607210101586
-0.566097527333544
-0.573627428158107
-0.581170401598735
-0.588698131398053
-0.596180568742246
-0.603586042573273
-0.610881407435283
-0.618032227015568
-0.625002989732159
-0.631757351035945
-0.638258395681257
-0.644468912202607
-0.650351671307350
-0.655869699895320
-0.660986542933098
-0.665666506376565
-0.669874875643899
-0.673578105660637
-0.676743980090553
-0.679341738903363
-0.681342174808456
-0.682717700230230
-0.683442387375988
-0.683491984543365
-0.682843912147929
-0.681477242057677
-0.679372663744751
-0.676512440554501
-0.672880359095259
-0.668461674411061
-0.663243053249394
-0.657212517404544
-0.650359388824859
-0.642674237933249
-0.634148836433232
-0.624776115762528
-0.614550132313896
-0.603466040567930
-0.591520075372112
-0.578709544750485
-0.565032834832921
-0.550489428744185
-0.535079941579519
-0.518806173899952
-0.501671186484866
-0.483679399350999
-0.464836718244041
-0.445150691874294
-0.424630703027198
-0.403288196238202
-0.381136943864496
-0.358193350981354
-0.334476797438401
-0.310010012501913
-0.284819473695717
-0.258935816734016
-0.232394237957387
-0.205234864790032
-0.177503064048763
-0.149249653357340
-0.120530978603863
-0.0914088215784043
-0.0619501077463432
-0.0322263951554716
-0.00231314148735118
0.0277112341195381
0.0577664570965785
0.0877716152822708
0.117646419256312
0.147312430511373
0.176694186466708
0.205720163300151
0.234323535574545
0.262442712433203
0.290021650396359
0.317009959799280
0.343362834041467
0.369040837592665
0.394009590600743
0.418239386033741
0.441704770848135
0.464384116925500
0.486259201442084
0.507314810614796
0.527538375803997
0.546919646921848
0.565450405008053
0.583124213608556
0.599936207094505
0.615882913142324
0.630962106121323
0.645172687981415
0.658514593300064
0.670988715356497
0.682596850393266
0.693341657557466
0.703226632355974
0.712256091789975
0.720435169639932
0.727769820644065
0.734266832545285
0.739933845169898
0.744779375843442
0.748812850543015
0.752044640229686
0.754486101797862
0.756149623019684
0.757048670751433
0.757197841506191
0.756612913285200
0.755310897304538
0.753310087962382
0.750630109078203
0.747291954116848
0.743318017811500
0.738732116349606
0.733559493119719
0.727826806972732
0.721562100066216
0.714794742669687
0.707555352836247
0.699875689601876
0.691788519346484
0.683327456105077
0.674526777891038
0.665421222400896
0.656045766707821
0.646435396609352
0.636624872069457
0.626648495602379
0.616539890434607
0.606331794841424
0.596055878218620
0.585742583289968
0.575420997467987
0.565118754895957
0.554861969220487
0.544675195780518
0.534581420731917
0.524602073709672
0.514757059985200
0.505064807701325
0.495542325637554
0.486205267035360
0.477067995251723
0.468143647363137
0.459444192268809
0.450980480305049
0.442762281855231
0.434798312902261
0.427096245912757
0.419662704860695
0.412503243596187
0.405622307149726
0.399023175944762
0.392707893284910
0.386677176900235
0.380930315793009
0.375465054128089
0.370277464473482
0.365361813313871
0.360710422426712
0.356313530409647
0.352159159349719
0.348232992286056
0.344518267681151
0.340995697512667
0.337643415750632
0.334436963815704
0.331349319053171
0.328350971255030
0.325410050802505
0.322492510111464
0.319562357822783
0.316581942720341
0.313512281857234
0.310313425030012
0.306944845769602
0.303365847600691
0.299535973593756
0.295415407260595
0.290965353611178
0.286148390606784
0.280928783160724
0.275272754064433
0.269148708553695
0.262527411491750
0.255382118181704
0.247688661524504
0.239425499554086
0.230573728296782
0.221117065442555
0.211041810531109
0.200336787310192
0.188993273683841
0.177004924298378
0.164367690368014
0.151079740862074
0.137141388691551
0.122555025060450
0.107325064692380
0.0914579042002537
0.0749618954237393
0.0578473350958111
0.0401264716922654
0.0218135297398129
0.00292475118256512
-0.0165215473903113
-0.0365049037880723
-0.0570026287431807
-0.0779897183351537
-0.0994387660310142
-0.121319881383834
-0.143600623675968
-0.166245959821218
-0.189218256481512
-0.212477316423380
-0.235980468458986
-0.259682718746063
-0.283536968697422
-0.307494301322638
-0.331504333677844
-0.355515628560607
-0.379476154097184
-0.403333775930819
-0.427036763815600
-0.450534292930735
-0.473776920358598
-0.496717018902889
-0.519309153532137
-0.541510389819415
-0.563280528317229
-0.584582263354155
-0.605381268832403
-0.625646216930664
-0.645348738005726
-0.664463331408683
-0.682967237466775
-0.700840280682595
-0.718064693456177
-0.734624928532799
-0.750507467090898
-0.765700628048809
-0.780194382887731
-0.793980179128025
-0.807050774593348
-0.819400083765799
-0.831023036872080
-0.841915451832315
-0.852073918830234
-0.861495697004542
-0.870178622595179
-0.878121027785078
-0.885321669440882
-0.891779666960319
-0.897494448467694
-0.902465704653050
-0.906693349617705
-0.910177488163796
-0.912918389044363
-0.914916463770706
-0.916172250653623
-0.916686403833554
-0.916459687131352
-0.915492972625971
-0.913787243938139
-0.911343604270063
-0.908163289320659
-0.904247685263763
-0.899598352043043
-0.894217052301521
-0.888105786324659
-0.881266833432516
-0.873702800306101
-0.865416676772666
-0.856411899599990
-0.846692424855003
-0.836262809360450
-0.825128301725917
-0.813294943326093
-0.800769679437865
-0.787560480515584
-0.773676473267192
-0.759128080779995
-0.743927170423257
-0.728087207619932
-0.711623412833851
-0.694552918275365
-0.676894919916987
-0.658670819479282
-0.639904350166369
-0.620621679191963
-0.600851479652224
-0.580624964192694
-0.559975873302864
-0.538940412051434
-0.517557130702661
-0.495866746917780
-0.473911910050948
-0.451736911212376
-0.429387346027970
-0.406909740057013
-0.384351149307849
-0.361758749926786
-0.339179431726727
-0.316659409693670
-0.294243866024790
-0.271976632802551
-0.249899922380054
-0.228054109273606
-0.206477564152473
-0.185206537655846
-0.164275089446365
-0.143715056231179
-0.123556051463090
-0.103825489025105
-0.0845486233051163
-0.0657485985635279
-0.0474465012625333
-0.0296614099490724
-0.0124104382717426
0.00429123230429698
0.0204303325873398
0.0359955002002961
0.0509772894477454
0.0653681966934900
0.0791627008119679
0.0923573177069659
0.104950667352969
0.116943551289428
0.128339037970615
0.139142552833374
0.149361969389432
0.159007697085179
0.168092761118860
0.176632868894781
0.184646457372007
0.192154715289182
0.199181574185252
0.205753662359954
0.211900216495474
0.217652946644405
0.223045851704435
0.228114984333027
0.232898166442989
0.237434658846594
0.241764791117007
0.245929560110238
0.249970207623017
0.253927789149233
0.257842746479480
0.261754496871668
0.265701050695345
0.269718667894059
0.273841561468892
0.278101653665070
0.282528387868097
0.287148596605226
0.291986423688782
0.297063296566721
0.302397943442194
0.308006448711801
0.313902339728429
0.320096697762056
0.326598286232983
0.333413689741703
0.340547458035653
0.348002249762782
0.355778971606334
0.363876909130632
0.372293846364939
0.381026171795437
0.390068969018669
0.399416090836335
0.409060216049956
0.418992888657226
0.429204539574492
0.439684491426487
0.450420947368715
0.461400965350379
0.472610419692873
0.484033952350936
0.495654916733704
0.507455317475297
0.519415750033816
0.531515344428428
0.543731717752464
0.556040940275704
0.568417519918897
0.580834409599877
0.593263041377128
0.605673390437171
0.618034070798454
0.630312463181302
0.642474873900177
0.654486721980729
0.666312750120403
0.677917253734391
0.689264321283959
0.700318078468490
0.711042928730143
0.721403782874814
0.731366271408670
0.740896934337058
0.749963384554282
0.758534442438869
0.766580240734558
0.774072300135847
0.780983577129992
0.787288486527677
0.792962901725741
0.797984136096642
0.802330909019469
0.805983299996702
0.808922694085334
0.811131721555829
0.812594194318968
0.813295041264037
0.813220244259526
0.812356776200111
0.810692542155089
0.808216324392152
0.804917731820935
0.800787154224454
0.795815721522928
0.789995268241887
0.783318303333045
0.775777985520064
0.767368104410799
0.758083067731839
0.747917895200019
0.736868219749373
0.724930297081466
0.712101024802808
0.698377972755315
0.683759426532959
0.668244446605950
0.651832945934208
0.634525789429270
0.616324919092613
0.597233509079338
0.577256155250845
0.556399103905739
0.534670524201753
0.512080828155168
0.488643040844347
0.464373221336241
0.439290931671016
0.413419746772647
0.386787792273337
0.359428289980606
0.331380082383371
0.302688098880483
0.273403718492066
0.243584978334006
0.213296576091659
0.182609620103443
0.151601093876934
0.120353023100681
0.0889513608901077
0.0574846375685252
0.0260424496880374
-0.00528611620257837
-0.0364140207002600
-0.0672576703525823
-0.0977380968319311
-0.127781862224449
-0.157321666981158
-0.186296666279099
-0.214652524014880
-0.242341249199226
-0.269320866865692
-0.295554975924948
-0.321012241633563
-0.345665862598110
-0.369493043319893
-0.392474494540496
-0.414593975902414
-0.435837889089825
-0.456194924747231
-0.475655762979340
-0.494212824906889
-0.511860071351301
-0.528592844016574
-0.544407744330110
-0.559302545233272
-0.573276131552145
-0.586328465036293
-0.598460570661628
-0.609674541305996
-0.619973558390625
-0.629361926515016
-0.637845120481556
-0.645429843397297
-0.652124094744263
-0.657937247417463
-0.662880132732981
-0.666965132299001
-0.670206275413394
-0.672619340298054
-0.674221957002327
-0.675033709212739
-0.675076231511265
-0.674373297861080
-0.672950896315999
-0.670837284216670
-0.668063017542320
-0.664660947738763
-0.660666179359380
-0.656115982351998
-0.651049653897725
-0.645508326413296
-0.639534720658141
-0.633172845750849
-0.626467651115583
-0.619464638681550
-0.612209446721816
-0.604747419197414
-0.597123176058891
-0.589380200428374
-0.581560457849148
-0.573704060905144
-0.565848989680778
-0.558030875061970
-0.550282848138217
-0.542635455318056
-0.535116635527428
-0.527751753245400
-0.520563679263015
-0.513572909948096
-0.506797715399324
-0.500254307059491
-0.493957015985348
-0.487918473890285
-0.482149790150056
-0.476660719078365
-0.471459812853986
-0.466554556457918
-0.461951481826311
-0.457656259131295
-0.453673763671594
-0.450008117303019
-0.446662703688323
-0.443640156923655
-0.440942323335390
-0.438570196468355
-0.436523825537544
-0.434802197923787
-0.433403096692592
-0.432322934635964
-0.431556567007239
-0.431097085959766
-0.430935600721476
-0.431061008732088
-0.431459764307871
-0.432115652820376
-0.433009579784954
-0.434119385518343
-0.435419696972711
-0.436881828791624
-0.438473745360768
-0.440160094466241
-0.441902321009122
-0.443658866039214
-0.445385452276494
-0.447035452544728
-0.448560332542433
-0.449910154611248
-0.451034125147600
-0.451881165501970
-0.452400484946630
-0.452542134698377
-0.452257523971527
-0.451499882325055
-0.450224656732232
-0.448389836353781
-0.445956202465346
-0.442887504987668
-0.439150570325995
-0.434715347610408
-0.429554901929373
-0.423645363847629
-0.416965844539118
-0.409498325415802
-0.401227530363956
-0.392140787762659
-0.382227888478527
-0.371480945098040
-0.359894256835881
-0.347464183879777
-0.334189034413549
-0.320068967198262
-0.305105912372307
-0.289303513031525
-0.272667090139299
-0.255203633356068
-0.236921820422418
-0.217832067725377
-0.197946614558200
-0.177279643271767
-0.155847436919206
-0.133668575010816
-0.110764166513312
-0.0871581171390747
-0.0628774251933345
-0.0379524967469567
-0.0124174667360896
0.0136894920512216
0.0403258948852461
0.0674447329485876
0.0949943531724222
0.122918460876857
0.151156273671358
0.179642848827053
0.208309595960809
0.237084972847359
0.265895345831939
0.294665979758330
0.323322108103020
0.351790024561364
0.379998134407741
0.407877908118080
0.435364690235514
0.462398331387125
0.488923628201888
0.514890572100267
0.540254421498026
0.564975621679741
0.589019602104176
0.612356482563952
0.634960718241171
0.656810710259688
0.677888403776513
0.698178890754570
0.717670029871664
0.736352091885918
0.754217435357311
0.771260214950425
0.787476122564395
0.802862160157804
0.817416442247876
0.831138025555410
0.844026763041222
0.856083179554451
0.867308366421982
0.877703892501461
0.887271729460650
0.896014189307082
0.903933872456100
0.911033624880996
0.917316503129108
0.922785746208929
0.927444753554164
0.931297068451375
0.934346366479665
0.936596448655166
0.938051239101909
0.938714787185777
0.938591274151247
0.937685024393132
0.936000521578326
0.933542429906423
0.930315620862856
0.926325205873321
0.921576575312190
0.916075444348067
0.909827906123200
0.902840492755569
0.895120244617391
0.886674788274343
0.877512423357811
0.867642218478335
0.857074116062318
0.845819045695748
0.833889045179375
0.821297388033035
0.808058715630967
0.794189171510228
0.779706534686083
0.764630348059337
0.748982037254612
0.732785014545466
0.716064761978600
0.698848887494425
0.681167147850133
0.663051432574061
0.644535704086145
0.625655890541566
0.606449729872874
0.586956565834598
0.567217099440402
0.547273101813060
0.527167096891232
0.506942024397570
0.486640894746892
0.466306448007291
0.445980828563998
0.425705285825690
0.405519909304263
0.385463403914001
0.365572908633493
0.345883859010340
0.326429891585194
0.307242786328700
0.288352441713919
0.269786876111465
0.251572248763356
0.233732893593455
0.216291359455367
0.199268451005006
0.182683265123581
0.166553218630467
0.150894063855520
0.135719889446793
0.121043104549705
0.106874405199854
0.0932227224276967
0.0800951521919331
0.0674968678574953
0.0554310165343850
0.0438986012159095
0.0328983513171356
0.0224265849291302
0.0124770668756076
0.00304086747786721
-0.00589377222204474
-0.0143415622029199
-0.0223202648456038
-0.0298507680420925
-0.0369571217954932
-0.0436665301204634
-0.0500092905818422
-0.0560186749113032
-0.0617307458740247
-0.0671841079189859
-0.0724195920634394
-0.0774798787778250
-0.0824090661165891
-0.0872521936876908
-0.0920547359472209
-0.0968620804412864
-0.101719007755226
-0.106669189934570
-0.111754723005131
-0.117015707063600
-0.122489884467108
-0.128212343224779
-0.134215289115497
-0.140527886632228
-0.147176165834679
-0.154182989749309
-0.161568075173239
-0.169348058622206
-0.177536598656367
-0.186144505824622
-0.195179891871157
-0.204648330527881
-0.214553023064298
-0.224894962691430
-0.235673092849670
-0.246884455304477
-0.258524324800935
-0.270586327777115
-0.283062543308280
-0.295943585060003
-0.309218663584975
-0.322875628825767
-0.336900993205018
-0.351279936215247
-0.365996291978953
-0.381032521846542
-0.396369674737666
-0.411987338603163
-0.427863587069623
-0.443974925992241
-0.460296245234171
-0.476800781448458
-0.493460097887407
-0.510244087225645
-0.527121002984331
-0.544057524330392
-0.561018857773114
-0.577968877612157
-0.594870304980137
-0.611684923097630
-0.628373824094008
-0.644897680647587
-0.661217033970262
-0.677292588485047
-0.693085503044934
-0.708557668767843
-0.723671964481721
-0.738392482275326
-0.752684717564858
-0.766515720214403
-0.779854205387227
-0.792670624778220
-0.804937200550857
-0.816627925592867
-0.827718534582567
-0.838186450836485
-0.848010714034739
-0.857171893760003
-0.865651993412847
-0.873434348553394
-0.880503523130974
-0.886845206452501
-0.892446113146569
-0.897293887831156
-0.901377015705191
-0.904684739866139
-0.907206985808996
-0.908934293283861
-0.909857755474248
-0.909968965299763
-0.909259968537563
-0.907723223390396
-0.905351566098975
-0.902138182198027
-0.898076583044693
-0.893160587302515
-0.887384307142446
-0.880742139023955
-0.873228759044954
-0.864839123000727
-0.855568471471829
-0.845412340472301
-0.834366578436645
-0.822427370610853
-0.809591272243972
-0.795855252355766
-0.781216750285521
-0.765673747706612
-0.749224859316464
-0.731869445970248
-0.713607754596963
-0.694441089780824
-0.674372022350696
-0.653404640608419
-0.631544849819982
-0.608800725124271
-0.585182921866628
-0.560705145276064
-0.535384678080876
-0.509242959805885
-0.482306204892136
-0.454606038373671
-0.426180117893247
-0.397072700068781
-0.367335098978133
-0.337025976820357
-0.306211404173780
-0.274964632356186
-0.243365535247959
-0.211499703101475
-0.179457204538779
-0.147331070704009
-0.115215590864184
-0.0832045345065063
-0.0513894254457193
-0.0198579861638557
0.0113071528184913
0.0420294181104855
0.0722389109723831
0.101872690234157
0.130874760864947
0.159195825279861
0.186792861077187
0.213628587169556
0.239670872890866
0.264892134307080
0.289268750817579
0.312780524703559
0.335410197401444
0.357143029274816
0.377966444502691
0.397869739174215
0.416843848477425
0.434881167681061
0.451975421153388
0.468121573708721
0.483315778939806
0.497555359747062
0.510838816916249
0.523165862255026
0.534537473427452
0.544955968188507
0.554425096191139
0.562950146893266
0.570538072309803
0.577197623413004
0.582939498859899
0.587776504394813
0.591723720716093
0.594798676793059
0.597021524567219
0.598415209685336
0.599005631434345
0.598821783461273
0.597895865295620
0.596263353330717
0.593963018999690
0.591036881673154
0.587530084590139
0.583490684153104
0.578969346316849
0.574018948563284
0.568694091850021
0.563050533486856
0.557144558458492
0.551032312476099
0.544769124209368
0.538408846084927
0.532003242388369
0.525601450202288
0.519249533354847
0.512990142742933
0.506862288988182
0.500901226236705
0.495138439732139
0.489601725048594
0.484315343770756
0.479300238917856
0.474574293312186
0.470152615073521
0.466047836127377
0.462270411718303
0.458828911145242
0.455730292080012
0.452980152757455
0.450582957962791
0.448542236061630
0.446860745328070
0.445540608555120
0.444583415420032
0.443990292370979
0.443761939948131
0.443898637497556
0.444400215225297
0.445265993514771
0.446494689436846
0.448084290462995
0.450031895594194
0.452333524490439
0.454983895777524
0.457976176567389
0.461301706397301
0.464949700298255
0.468906937545454
0.473157444784938
0.477682184577131
0.482458762787748
0.487461170449155
0.492659577395533
0.498020195772609
0.503505231053280
0.509072936122173
0.514677780126427
0.520270738145675
0.525799700610578
0.531209993392990
0.536444991446747
0.541446801770614
0.546156986227641
0.550517292097041
0.554470358493852
0.557960369865754
0.560933633153758
0.563339062079302
0.565128559467135
0.566257295654156
0.566683887178375
0.566370484659074
0.565282781907895
0.563389959918009
0.560664579690201
0.557082437179561
0.552622392311794
0.547266182323225
0.540998227868461
0.533805438595565
0.525677023330726
0.516604308711204
0.506580569085728
0.495600869767004
0.483661925255869
0.470761973836134
0.456900669934861
0.442078995826091
0.426299194599129
0.409564726788841
0.391880253647441
0.373251650693685
0.353686055867085
0.333191957288033
0.311779326205091
0.289459801092743
0.266246928901500
0.242156468963062
0.217206763766746
0.191419178448093
0.164818607030119
0.137434037905099
0.109299163501454
0.0804530095208983
0.0509405479106736
0.0208132457797132
-0.00987050857241153
-0.0410451690595024
-0.0726380526245530
-0.104569677648932
-0.136754461066594
-0.169101784887958
-0.201517403864369
-0.233905124235460
-0.266168646696498
-0.298213442778981
-0.329948528314186
-0.361288011919358
-0.392152327204325
-0.422469097777794
-0.452173625930149
-0.481209031887003
-0.509526096190097
-0.537082871589349
-0.563844133922292
-0.589780736463096
-0.614868922274254
-0.639089637021784
-0.662427872644180
-0.684872061524707
-0.706413532045960
-0.727046029746443
-0.746765303587240
-0.765568753758351
-0.783455135651547
-0.800424313762105
-0.816477059068591
-0.831614883650785
-0.845839906771004
-0.859154747242231
-0.871562437555461
-0.883066355885374
-0.893670172706206
-0.903377809311233
-0.912193406032398
-0.920121298400260
-0.927165999871252
-0.933332190084129
-0.938624707896056
-0.943048548697033
-0.946608865715017
-0.949310975208269
-0.951160365600794
-0.952162710754954
-0.952323887695351
-0.951649999201981
-0.950147401779473
-0.947822739582935
-0.944682984938296
-0.940735486133502
-0.935988023172430
-0.930448872170113
-0.924126879018400
-0.917031542855940
-0.909173109724376
-0.900562676571001
-0.891212305453425
-0.881135147400564
-0.870345574874936
-0.858859321156341
-0.846693624226421
-0.833867371888008
-0.820401243928872
-0.806317846181978
-0.791641830412199
-0.776399993165153
-0.760621346161731
-0.744337150640681
-0.727580908371085
-0.710388302987769
-0.692797086913933
-0.674846911426887
-0.656579100305925
-0.638036370788862
-0.619262508976651
-0.600302010020819
-0.581199696044852
-0.562000326465726
-0.542748215968530
-0.523486874757345
-0.504258683927130
-0.485104616087314
-0.466064008036772
-0.447174388711046
-0.428471362155315
-0.409988542220381
-0.391757533240339
-0.373807949232672
-0.356167463170569
-0.338861877544158
-0.321915207634118
-0.305349769527692
-0.289186265773637
-0.273443862574952
-0.258140253456914
-0.243291705351586
-0.228913083963847
-0.215017856107362
-0.201618067420008
-0.188724294500069
-0.176345571070793
-0.164489288312542
-0.153161070034293
-0.142364623927340
-0.132101570791137
-0.122371254379127
-0.113170535409538
-0.104493574340543
-0.0963316087226083
-0.0886727322920793
-0.0815016844078704
-0.0747996598689899
-0.0685441504549507
-0.0627088305326721
-0.0572634995675742
-0.0521740941422882
-0.0474027809154830
-0.0429081396890134
-0.0386454423332564
-0.0345670288252758
-0.0306227763249474
-0.0267606514601835
-0.0229273303582672
-0.0190688660569092
-0.0151313793391944
-0.0110617472148290
-0.00680826345496169
-0.00232124775643860
0.00244641601683986
0.00753882697664509
0.0129967084852188
0.0188571465830270
0.0251534233766038
0.0319149388766068
0.0391672115685470
0.0469319459492017
0.0552271542869287
0.0640673197917452
0.0734635889948771
0.0834239822152287
0.0939536123305763
0.105054903509720
0.116727802976540
0.128969980187854
0.141777008970530
0.155142529165293
0.169058385172714
0.183514739514203
0.198500160140556
0.214001680781789
0.230004834176306
0.246493658586840
0.263450678644366
0.280856862293936
0.298691556473768
0.316932405153892
0.335555254487517
0.354534051056867
0.373840740464659
0.393445174736652
0.413315038027377
0.433415800796364
0.453710712763195
0.474160844377402
0.494725185109315
0.515360804508282
0.536023078720881
0.556665981183168
0.577242431805710
0.597704694581672
0.618004809652764
0.638095042938321
0.657928334845021
0.677458729535913
0.696641767744979
0.715434828966283
0.733797412647411
0.751691352304439
0.769080960768661
0.785933108656772
0.802217241324799
0.817905341857818
0.832971849029522
0.847393539710500
0.861149385053842
0.874220389116935
0.886589417567709
0.898241022932601
0.909161271602193
0.919337576614729
0.928758539150406
0.937413800725581
0.945293907289081
0.952390185790487
0.958694633300810
0.964199818401790
0.968898794301971
0.972785022966181
0.975852309442567
0.978094745522179
0.979506661857525
0.980082587688050
0.979817217364155
0.978705382921419
0.976742032028939
0.973922210717987
0.970241050388232
0.965693758688853
0.960275613982014
0.953981963218382
0.946808223191579
0.938749885294168
0.929802524076460
0.919961810116167
0.909223527947517
0.897583600079289
0.885038118459131
0.871583385123312
0.857215964213120
0.841932748046206
0.825731040505198
0.808608661643332
0.790564078095775
0.771596564600260
0.751706402626881
0.730895122721234
0.709165797566527
0.686523392807583
0.662975182130531
0.638531231664952
0.613204956111509
0.587013744691663
0.559979648665508
0.532130113468838
0.503498727436648
0.474125946028234
0.444059736573669
0.413356075847722
0.382079224202658
0.350301699160232
0.318103881796981
0.285573213228894
0.252802975690454
0.219890699195030
0.186936283051888
0.154039961919989
0.121300269405187
0.0888121527312174
0.0566653695122556
0.0249432575100101
-0.00627808041586010
-0.0369301812949239
-0.0669522602692611
-0.0962909501169665
-0.124899820995428
-0.152738758513665
-0.179773269377941
-0.205973770679969
-0.231314904503776
-0.255774906036201
-0.279335041952092
-0.301979126942284
-0.323693119805223
-0.344464796210518
-0.364283492639961
-0.383139914692965
-0.401026002534318
-0.417934846460378
-0.433860646134583
-0.448798707827097
-0.462745474868362
-0.475698587411348
-0.487656968436008
-0.498620933681351
-0.508592323822656
-0.517574657693186
-0.525573305648483
-0.532595682249653
-0.538651457256732
-0.543752783426106
-0.547914538747025
-0.551154579486544
-0.553493998709855
-0.554957382805066
-0.555573056019499
-0.555373300233707
-0.554394534381535
-0.552677435403855
-0.550266980848083
-0.547212392729535
-0.543566963612961
-0.539387749532195
-0.534735120606542
-0.529672168939507
-0.524263984036269
-0.518576817496044
-0.512677169675517
-0.506630839768888
-0.500501985860408
-0.494352242026697
-0.488239935291269
-0.482219436765413
-0.476340669928028
-0.470648786364105
-0.465184007080821
-0.459981617135302
-0.455072093620904
-0.450481342394895
-0.446231017131528
-0.442338894857876
-0.438819284417327
-0.435683447631216
-0.432940016699655
-0.430595395141170
-0.428654133008119
-0.427119270055281
-0.425992642911862
-0.425275154116153
-0.424967002166252
-0.425067872592539
-0.425577090548435
-0.426493735624013
-0.427816719583891
-0.429544827579591
-0.431676723141960
-0.434210916970584
-0.437145699249801
-0.440479034980939
-0.444208421676189
-0.448330708765706
-0.452841878288112
-0.457736786935619
-0.463008870384989
-0.468649812141741
-0.474649180925821
-0.480994042976469
-0.487668558549577
-0.494653575246165
-0.501926234465076
-0.509459610905982
-0.517222408206580
-0.525178735897990
-0.533287993247490
-0.541504883596563
-0.549779578034440
-0.558058039547663
-0.566282508507373
-0.574392138393438
-0.582323758386247
-0.590012728538935
-0.597393845289910
-0.604402251307329
-0.610974304613685
-0.617048367357590
-0.622565483495239
-0.627469925555631
-0.631709601994049
-0.635236326973600
-0.638005962747153
-0.639978450630159
-0.641117749808669
-0.641391704213639
-0.640771856910806
-0.639233229469449
-0.636754081112944
-0.633315659555002
-0.628901952606958
-0.623499447109693
-0.617096899609806
-0.609685121503929
-0.601256780110120
-0.591806216256371
-0.581329278455478
-0.569823173512890
-0.557286333443411
-0.543718298814876
-0.529119619061940
-0.513491770899001
-0.496837096693274
-0.479158765527553
-0.460460760679360
-0.440747898359077
-0.420025883765727
-0.398301411800122
-0.375582321057430
-0.351877810896988
-0.327198732284291
-0.301557963458268
-0.274970880922211
-0.247455934281153
-0.219035329406804
-0.189735817554203
-0.159589577629056
-0.128635164254333
-0.0969184755767984
-0.0644936728340517
-0.0314239609949395
0.00221787944347446
0.0363493291571081
0.0708784482471832
0.105704760419747
0.140720734825030
0.175813825208757
0.210868946402291
0.245771198269420
0.280408604652760
0.314674631309195
0.348470283428106
0.381705650166753
0.414300843635275
0.446186354930057
0.477302906806569
0.507600915424140
0.537039683234781
0.565586436956996
0.593215305702862
0.619906311139021
0.645644418755232
0.670418679640306
0.694221476764643
0.717047878690076
0.738895096320329
0.759762033982568
0.779648923996021
0.798557033246587
0.816488430601202
0.833445804861368
0.849432324093286
0.864451528400404
0.878507249411077
0.891603550876591
0.903744685782985
0.914935066263983
0.925179243364721
0.934481894355979
0.942847815848668
0.950281921421887
0.956789242867810
0.962374934485123
0.967044280130504
0.970802702973792
0.973655778105248
0.975609248318869
0.976669043549508
0.976841304577319
0.976132411733382
0.974549019446427
0.972098097561884
0.968786980438849
0.964623424883745
0.959615678004749
0.953772556059140
0.947103535304099
0.939618855734344
0.931329638378344
0.922248016506398
0.912387280654657
0.901762036764712
0.890388375956982
0.878284053483430
0.865468673239645
0.851963872877606
0.837793503097114
0.822983793192601
0.807563493523291
0.791563984434569
0.775019340501452
0.757966339025369
0.740444402715386
0.722495468589983
0.704163778403336
0.685495590233186
0.666538815983173
0.647342594986243
0.627956819046128
0.608431628469544
0.588816901336342
0.569161759022433
0.549514109692882
0.529920248282397
0.510424526808182
0.491069103327678
0.471893772134816
0.452935872500542
0.434230268876873
0.415809392274242
0.397703330568263
0.379939954709342
0.362545067999783
0.345542566515836
0.328954600126519
0.312801725164179
0.297103041447048
0.281876307908050
0.267138032463698
0.252903532922140
0.239186966673368
0.226001327644688
0.213358409574230
0.201268735098426
0.189741450516540
0.178784186441070
0.168402884924982
0.158601594135235
0.149382232278075
0.140744323335527
0.132684708300014
0.125197237039627
0.118272447714009
0.111897242780153
0.106054573018757
0.100723143548400
0.0958771582679175
0.0914861212786117
0.0875147152061849
0.0839227765320752
0.0806653866206533
0.0776930937414600
0.0749522758669239
0.0723856464908266
0.0699328966264449
0.0675314563270963
0.0651173496242726
0.0626261089110757
0.0599937096132428
0.0571574842521100
0.0540569769738075
0.0506347049930425
0.0468368013790336
0.0426135230768583
0.0379196178007167
0.0327145523769495
0.0269626124624361
0.0206328888857588
0.0136991690685688
0.00613975327167844
-0.00206278486265177
-0.0109218753969547
-0.0204472508264465
-0.0306452528702458
-0.0415191361890636
-0.0530693601692718
-0.0652938619086045
-0.0781883052013107
-0.0917463016471649
-0.105959601028773
-0.120818248864626
-0.136310709612091
-0.152423954431251
-0.169143512795632
-0.186453487618481
-0.204336534022373
-0.222773802483129
-0.241744847890858
-0.261227507148535
-0.281197749314896
-0.301629504012425
-0.322494475843667
-0.343761954817161
-0.365398635134974
-0.387368456911998
-0.409632487173669
-0.432148857435612
-0.454872774898563
-0.477756622424278
-0.500750158748056
-0.523800824808094
-0.546854154909693
-0.569854283304766
-0.592744528555705
-0.615468030832579
-0.637968412099470
-0.660190426769893
-0.682080571220490
-0.703587624405595
-0.724663098097741
-0.745261583043345
-0.765340985495547
-0.784862656177482
-0.803791419991553
-0.822095519297832
-0.839746486232265
-0.856718960476396
-0.872990468445285
-0.888541178422782
-0.903353644133911
-0.917412546939895
-0.930704444531241
-0.943217531854838
-0.954941418144870
-0.965866922378720
-0.975985888250461
-0.985291018821772
-0.993775730334887
-1.00143402421048
-1.00826037596198
-1.01424963959693
-1.01939696601215
-1.02369773389413
-1.02714749168831
-1.02974190928245
-1.03147673814966
-1.03234777880545
-1.03235085454594
-1.03148179054716
-1.02973639751658
-1.02711045919773
-1.02359972313761
-1.01919989423662
-1.01390663071446
-1.00771554224601
-1.00062219015303
-0.992622089684987
-0.983710714590832
-0.973883504380439
-0.963135874905615
-0.951463233166102
-0.938860997574337
-0.925324625305089
-0.910849648823873
-0.895431724242988
-0.879066694807471
-0.861750673573926
-0.843480150216910
-0.824252127874567
-0.804064297005924
-0.782915254329862
-0.760804775965057
-0.737734154750807
-0.713706612183846
-0.688727795139740
-0.662806366122414
-0.635954692635442
-0.608189635715245
-0.579533428988644
-0.550014627202878
-0.519669086784014
-0.488540921122603
-0.456683351693052
-0.424159356140806
-0.391042001205753
-0.357414348080324
-0.323368836574688
-0.289006095764873
-0.254433190962964
-0.219761391397681
-0.185103615317188
-0.150571762192142
-0.116274161311208
-0.0823133467612214
-0.0487843157065911
-0.0157733538664215
0.0166425635374043
0.0483958502986159
0.0794279640839510
0.109688753307150
0.139135610910070
0.167732535818809
0.195449181920194
0.222259951964665
0.248143173310029
0.273080375634918
0.297055678159111
0.320055285219068
0.342067083596178
0.363080332017482
0.383085432034680
0.402073769451869
0.420037616169777
0.436970083424986
0.452865118709775
0.467717540021909
0.481523102427266
0.494278593170475
0.505981952708418
0.516632420047197
0.526230701614332
0.534779163569498
0.542282047913379
0.548745712946747
0.554178898495917
0.558593015775735
0.562002460713323
0.564424947905308
0.565881860037230
0.566398604497710
0.566004965079534
0.564735432194471
0.562629490219735
0.559731835932594
0.556092498201305
0.551766827124710
0.546815321707548
0.541303269914387
0.535300184212075
0.528879029487128
0.522115257597328
0.515085681874855
0.507867242921289
0.500535730986038
0.493164537448806
0.485823506875955
0.478577951786113
0.471487876226496
0.464607434287441
0.457984628990973
0.451661238507479
0.445672942448473
0.440049612012391
0.434815723949036
0.429990858833366
0.425590247790779
0.421625337321840
0.418104348124793
0.415032809974039
0.412414060242279
0.410249698272133
0.408539991423862
0.407284231292511
0.406481040415315
0.406128630923721
0.406225017180568
0.406768184615377
0.407756216841778
0.409187382801630
0.411060185201260
0.413373370941668
0.416125903640759
0.419316897740082
0.422945513119051
0.427010808648420
0.431511552753788
0.436445988895234
0.441811553984996
0.447604548266375
0.453819756187999
0.460450019466838
0.467485765979108
0.474914501464464
0.482720275326952
0.490883137002977
0.499378605202755
0.508177178340573
0.517243919896392
0.526538156274332
0.536013325742141
0.545617014067279
0.555291204639580
0.564972757975131
0.574594118272002
0.584084224946187
0.593369587521419
0.602375465988213
0.611027088585939
0.619250836671812
0.626975332198752
0.634132376053923
0.640657702662134
0.646491534875106
0.651578940489760
0.655870005740096
0.659319850735814
0.661888516954443
0.663540758102984
0.664245763904102
0.663976842686213
0.662711084022474
0.660429017820073
0.657114281721876
0.652753304745736
0.647335011882942
0.640850551919477
0.633293048974926
0.624657377082234
0.614939956455326
0.604138569814730
0.592252197181167
0.579280867838126
0.565225528658646
0.550087928657070
0.533870520445813
0.516576380244400
0.498209149206376
0.478773000108202
0.458272634893467
0.436713320191434
0.414100969723234
0.390442284436594
0.365744963188282
0.340017998664185
0.313272074718574
0.285520081993841
0.256777767904086
0.227064533926906
0.196404386475952
0.164827036051825
0.132369121537005
0.0990755115177145
0.0650006026741125
0.0302094990338347
-0.00522107916507750
-0.0412023328939756
-0.0776335461941854
-0.114403018755744
-0.151389842899020
-0.188466489622503
-0.225502041273546
-0.262365793107272
-0.298930874764936
-0.335077537431821
-0.370695815041143
-0.405687379334926
-0.439966537236788
-0.473460433367962
-0.506108599737287
-0.537862032142193
-0.568681974037939
-0.598538565264225
-0.627409477604028
-0.655278621664982
-0.682134976254904
-0.707971565116533
-0.732784587054389
-0.756572693254411
-0.779336398553160
-0.801077610103881
-0.821799256060584
-0.841504997591542
-0.860199009049370
-0.877885813004486
-0.894570158803474
-0.910256935177487
-0.924951109113039
-0.938657684674947
-0.951381676735583
-0.963128095629652
-0.973901939640900
-0.983708192960732
-0.992551827362515
-1.00043780633141
-1.00737109079741
-1.01335664595577
-1.01839944893869
-1.02250449733689
-1.02567681876987
-1.02792148187813
-1.02924360926520
-1.02964839306008
-1.02914111390336
-1.02772716428924
-1.02541207732132
-1.02220156206408
-1.01810154679423
-1.01311823157317
-1.00725815166968
-1.00052825345136
-0.992935984423455
-0.984489399106215
-0.975197282385520
-0.965069291815758
-0.954116120063563
-0.942349678212363
-0.929783299952771
-0.916431965712314
-0.902312544483444
-0.887444049458521
-0.871847901568402
-0.855548192685576
-0.838571937695595
-0.820949302047352
-0.802713789045394
-0.783902369423835
-0.764555535091457
-0.744717259829011
-0.724434852550504
-0.703758693726009
-0.682741852621497
-0.661439591675317
-0.639908773737749
-0.618207196874416
-0.596392888680182
-0.574523396410262
-0.552655109955086
-0.530842651599221
-0.509138360082762
-0.487591887723305
-0.466249919551373
-0.445156013872739
-0.424350555479041
-0.403870806581055
-0.383751036707978
-0.364022711199203
-0.344714718149355
-0.325853615257423
-0.307463880460424
-0.289568153043536
-0.272187454754199
-0.255341383061521
-0.239048270950656
-0.223325309463689
-0.208188630592428
-0.193653349131900
-0.179733562775839
-0.166442310147840
-0.153791486688809
-0.141791718438646
-0.130452193834386
-0.119780453776700
-0.109782140474353
-0.100460706050219
-0.0918170826770373
-0.0838493172041296
-0.0765521749327922
-0.0699167194771721
-0.0639298785531915
-0.0585740090508913
-0.0538264787475784
-0.0496592862562129
-0.0460387448528709
-0.0429252590845875
-0.0402732247621974
-0.0380310822498558
-0.0361415490943594
-0.0345420504762387
-0.0331653546793563
-0.0319404064045987
-0.0307933346713391
-0.0296485962532563
-0.0284302023783180
-0.0270629679103912
-0.0254737198768948
-0.0235924064313007
-0.0213530574119689
-0.0186945618897329
-0.0155612442529558
-0.0119032361935357
-0.00767665557383625
-0.00284361339644249
0.00262792346745459
0.00876438330905860
0.0155869240440279
0.0231118230809809
0.0313508981829168
0.0403119390967409
0.0499991339369159
0.0604134781713763
0.0715531573635160
0.0834138974923627
0.0959892787110428
0.109271009872596
0.123249162141643
0.137912360620646
0.153247933251199
0.169242016400301
0.185879616599954
0.203144627963001
0.221019804934874
0.239486690347125
0.258525499303925
0.278114960347915
0.298232116703973
0.318852092261217
0.339947829366182
0.361489808449630
0.383445762895940
0.405780406170134
0.428455191681611
0.451428128671433
0.474653678919896
0.498082758585979
0.521662866384538
0.545338353197445
0.569050839142507
0.592739772693214
0.616343113849798
0.639798111268159
0.663042133491042
0.686013508605628
0.708652325772306
0.730901156263357
0.752705660151481
0.774015056133103
0.794782444362792
0.814964983885278
0.834523935946797
0.853424591380754
0.871636104202037
0.889131254779666
0.905886165046530
0.921879985818456
0.937094573079271
0.951514166581102
0.965125080702524
0.977915414450284
0.989874784910511
1.00099408638970
1.01126527591094
1.02068118459000
1.02923535363654
1.03692189323393
1.04373536227866
1.04967066684768
1.05472297526171
1.05888764768624
1.06216017833133
1.06453614845593
1.06601118853709
1.06658094812049
1.06624107202005
1.06498718167739
1.06281486062697
1.05971964313953
1.05569700523680
1.05074235738814
1.04485103831647
1.03801830946306
1.03023934979108
1.02150925075412
1.01182301142379
1.00117553396835
0.989561619911990
0.976975967892849
0.963413173991251
0.948867736133470
0.933334064610498
0.916806501407326
0.899279351841719
0.880746932989478
0.861203644553784
0.840644069244046
0.819063111380525
0.796456184330814
0.772819459473240
0.748150191569462
0.722447137516324
0.695711087091755
0.667945524960203
0.639157442034579
0.609358310148757
0.578565225386836
0.546802210625001
0.514101645239746
0.480505758613717
0.446068084848240
0.410854732821064
0.374945286481186
0.338433127603351
0.301424982375488
0.264039547416912
0.226405154326103
0.188656573071833
0.150931204299341
0.113365028882907
0.0760887334868425
0.0392243967008059
0.00288301221941352
-0.0328370230970451
-0.0678504763915628
-0.102085035455552
-0.135480453573527
-0.167987297542507
-0.199565494365129
-0.230182832860674
-0.259813531252264
-0.288436939951425
-0.316036414939243
-0.342598372557912
-0.368111520367798
-0.392566249297477
-0.415954167770473
-0.438267757211083
-0.459500129051923
-0.479644865188189
-0.498695926150951
-0.516647613735056
-0.533494577207199
-0.549231854432110
-0.563854941250425
-0.577359884218177
-0.589743393391233
-0.601002973230785
-0.611137070939096
-0.620145242622244
-0.628028338621377
-0.634788710144221
-0.640430439933617
-0.644959600075992
-0.648384540099322
-0.650716208125303
-0.651968506880348
-0.652158684661343
-0.651307758704381
-0.649440964635229
-0.646588220658237
-0.642784588854550
-0.638070708610793
-0.632493169303305
-0.626104781853715
-0.618964703043721
-0.611138364320664
-0.602697160186058
-0.593717861789229
-0.584281739793880
-0.574473406158637
-0.564379414462998
-0.554086688314424
-0.543680871698180
-0.533244708760031
-0.522856560203539
-0.512589148944261
-0.502508601706714
-0.492673820967160
-0.483136188917202
-0.473939577073837
-0.465120615085295
-0.456709161302461
-0.448728915068526
-0.441198114518111
-0.434130271632934
-0.427534906183505
-0.421418250282241
-0.415783904451894
-0.410633433774833
-0.405966898640483
-0.401783318922805
-0.398081073314014
-0.394858237286889
-0.392112864026662
-0.389843212902871
-0.388047929835810
-0.386726183399402
-0.385877759800140
-0.385503119054170
-0.385603413800721
-0.386180471271007
-0.387236737998268
-0.388775185923111
-0.390799177637683
-0.393312287649433
-0.396318075773369
-0.399819808146874
-0.403820121001602
-0.408320622361305
-0.413321427449092
-0.418820625019326
-0.424813674358857
-0.431292736632054
-0.438245949851380
-0.445656664212052
-0.453502663784814
-0.461755411191671
-0.470379362943100
-0.479331413000509
-0.488560528630954
-0.498007643144337
-0.507605862184856
-0.517281022341303
-0.526952613171689
-0.536535038924122
-0.545939159282218
-0.555074015901019
-0.563848629771533
-0.572173748048479
-0.579963429040348
-0.587136378065222
-0.593616979489733
-0.599336005032482
-0.604231009512881
-0.608246448743640
-0.611333568610199
-0.613450119994029
-0.614559952837199
-0.614632536606797
-0.613642445914052
-0.611568840850728
-0.608394962939370
-0.604107660143826
-0.598696948431771
-0.592155612925828
-0.584478848570979
-0.575663938260795
-0.565709965269844
