0.5
0.499804251409519
0.499139008179264
0.498005280718088
0.496404888158718
0.494340458820310
0.491815430519354
0.488834050536105
0.485401374991265
0.481523267341377
0.477206395662904
0.472458228365982
0.467287027960878
0.461701842494733
0.455712494284509
0.449329565594955
0.442564380948418
0.435428985806113
0.427936121427245
0.420099195791459
0.411932250559080
0.403449924139281
0.394667411034954
0.385600417730318
0.376265115478771
0.366678090429617
0.356856291599034
0.346816977239474
0.336577660189873
0.326156052795187
0.315570011967278
0.304837484921044
0.293976456061734
0.283004895424605
0.271940708980169
0.260801691021350
0.249605478747460
0.238369509058222
0.227110977473259
0.215846799002131
0.204593570710009
0.193367535656887
0.182184547835393
0.171060037694884
0.160008977818067
0.149045848311068
0.138184601478508
0.127438625381428
0.116820705917616
0.106342987120736
0.0960169294466287
0.0858532659022507
0.0758619559752912
0.0660521374407394
0.0564320762549236
0.0470091148977558
0.0377896196896507
0.0287789277895460
0.0199812947722069
0.0113998438825620
0.00303651826629416
-0.00510796232887992
-0.0130341387084572
-0.0207438414217617
-0.0282402100635993
-0.0355277007214750
-0.0426120796409325
-0.0495004013148403
-0.0562009694438498
-0.0627232795723144
-0.0690779426766062
-0.0752765895613575
-0.0813317565833128
-0.0872567539409648
-0.0930655185002384
-0.0987724538247077
-0.104392260693236
-0.109939761871096
-0.115429725213106
-0.120876689292230
-0.126294795653793
-0.131697631500580
-0.137098086141254
-0.142508223920988
-0.147939175645746
-0.153401049761036
-0.158902863801685
-0.164452495934902
-0.170056655808954
-0.175720873417509
-0.181449504307236
-0.187245749195146
-0.193111685915715
-0.199048311572891
-0.205055592811970
-0.211132522232418
-0.217277179116822
-0.223486792836342
-0.229757807494757
-0.236085946579541
-0.242466276590249
-0.248893268805198
-0.255360858522828
-0.261862501271713
-0.268391225622086
-0.274939682352136
-0.281500189825187
-0.288064775520581
-0.294625213733437
-0.301173059518165
-0.307699678999573
-0.314196276215162
-0.320653916684386
-0.327063547926500
-0.333416017169300
-0.339702086507471
-0.345912445782082
-0.352037723462636
-0.358068495820222
-0.363995294685066
-0.369808614084125
-0.375498916054373
-0.381056635924875
-0.386472187355574
-0.391735967412586
-0.396838361948629
-0.401769751542660
-0.406520518234806
-0.411081053271140
-0.415441766047759
-0.419593094415199
-0.423525516472667
-0.427229563947416
-0.430695837218390
-0.433915022005746
-0.436877907709983
-0.439575407347023
-0.441998578989810
-0.444138648593811
-0.445987034054218
-0.447535370317534
-0.448775535350337
-0.449699676753888
-0.450300238805179
-0.450569989703104
-0.450502048802435
-0.450089913627805
-0.449327486474213
-0.448209100418899
-0.446729544590665
-0.444884088565918
-0.442668505784615
-0.440079095902875
-0.437112706021296
-0.433766750747917
-0.430039231071698
-0.425928752035595
-0.421434539207434
-0.416556453951501
-0.411295007504076
-0.405651373852042
-0.399627401405468
-0.393225623443084
-0.386449267294324
-0.379302262203689
-0.371789245803343
-0.363915569098830
-0.355687299851479
-0.347111224220373
-0.338194846507584
-0.328946386833867
-0.319374776558907
-0.309489651251753
-0.299301341013947
-0.288820857960950
-0.278059880677514
-0.267030735479939
-0.255746374343145
-0.244220349382945
-0.232466783823606
-0.220500339426947
-0.208336180410844
-0.195989933940731
-0.183477647335786
-0.170815742190156
-0.158020965666637
-0.145110339273760
-0.132101105484995
-0.119010672599100
-0.105856558271847
-0.0926563321702868
-0.0794275582106732
-0.0661877368399629
-0.0529542478087331
-0.0397442938612635
-0.0265748457376891
-0.0134625888451861
-0.000423871912014189
0.0125253421080235
0.0253695226604430
0.0380936155703135
0.0506830842474002
0.0631239480248322
0.0754028175733209
0.0875069273597919
0.0994241651390142
0.111143098479271
0.122652998328477
0.133943859625949
0.145006418958039
0.155832169244110
0.166413371424111
0.176743063101619
0.186815064078314
0.196623978698799
0.206165194910335
0.215434879931718
0.224429972420945
0.233148171033677
0.241587919275058
0.249748386567059
0.257629445482765
0.265231645138028
0.272556180779394
0.279604859664310
0.286380063394018
0.292884706929308
0.299122194592113
0.305096373428951
0.310811484382488
0.316272111781711
0.321483131716321
0.326449659904058
0.331176999688278
0.335670590815425
0.339935959636865
0.343978671356801
0.347804284907973
0.351418310981311
0.354826173666494
0.358033176080463
0.361044470273374
0.363865031609608
0.366499637728782
0.368952852101244
0.371229012107279
0.373332221491485
0.375266346975323
0.377035018753024
0.378641634549397
0.380089366882844
0.381381173152664
0.382519808155790
0.383507838633499
0.384347659452049
0.385041511031430
0.385591497652036
0.385999606288801
0.386267725644958
0.386397665081956
0.386391173167268
0.386249955586980
0.385975692194572
0.385570052990622
0.385034712849961
0.384371364832804
0.383581731934491
0.382667577144632
0.381630711700751
0.380473001434062
0.379196371115999
0.377802806723833
0.376294355552325
0.374673124106372
0.372941273717213
0.371101013832498
0.369154592938714
0.367104287083650
0.364952385977227
0.362701176661629
0.360352924756817
0.357909853305748
0.355374119265495
0.352747787716572
0.350032803893611
0.347230963176581
0.344343879223364
0.341372950471982
0.338319325293998
0.335183866139559
0.331967113078491
0.328669247209890
0.325290054483377
0.321828890546530
0.318284647302508
0.314655721926292
0.310939989143582
0.307134777618999
0.303236851325187
0.299242396767090
0.295147016911453
0.290945732616609
0.286632992268704
0.282202690206220
0.277648194355086
0.272962383304293
0.268137692831535
0.263166171647148
0.258039545872010
0.252749291512267
0.247286713953089
0.241643033277693
0.235809474038372
0.229777357973385
0.223538198084677
0.217083792470810
0.210406316347635
0.203498410783138
0.196353266815907
0.188964703809753
0.181327241108890
0.173436162286834
0.165287571515590
0.156878441808760
0.148206655103048
0.139271034329811
0.130071367786278
0.120608426241687
0.110883973305799
0.100900769646750
0.0906625716740854
0.0801741253042880
0.0694411554039693
0.0584703514643255
0.0472693500037087
0.0358467141273863
0.0242119105986556
0.0123752846970543
0.000348033060737545
-0.0118578253658774
-0.0242294802287186
-0.0367533625173501
-0.0494151792404825
-0.0621999501307217
-0.0750920465138776
-0.0880752324920970
-0.101132708588821
-0.114247157986763
-0.127400795457946
-0.140575419038065
-0.153752464437647
-0.166913062111580
-0.180038096829653
-0.193108269506887
-0.206104160967738
-0.219006297236672
-0.231795215873428
-0.244451532808463
-0.256956009086180
-0.269289616893417
-0.281433604240323
-0.293369557671038
-0.305079462412376
-0.316545759418710
-0.327751398838116
-0.338679889505519
-0.349315344159282
-0.359642520174328
-0.369646855703360
-0.379314501213922
-0.388632346499471
-0.397588043324038
-0.406170023930260
-0.414367515697698
-0.422170552281532
-0.429569981590686
-0.436557470979315
-0.443125510027319
-0.449267411275124
-0.454977309256862
-0.460250158145778
-0.465081728287905
-0.469468601856246
-0.473408167809771
-0.476898616290680
-0.479938932541466
-0.482528890371419
-0.484669045152051
-0.486360726273536
-0.487606028951244
-0.488407805233848
-0.488769654033745
-0.488695909977673
-0.488191630861629
-0.487262583490357
-0.485915227688437
-0.484156698287879
-0.481994784926002
-0.479437909526921
-0.476495101389213
-0.473175969859917
-0.469490674638889
-0.465449893825374
-0.461064789887565
-0.456346973802935
-0.451308467678979
-0.445961666217697
-0.440319297429886
-0.434394383034675
-0.428200198994123
-0.421750236631044
-0.415058164760362
-0.408137793230892
-0.401003038226798
-0.393667889618156
-0.386146380580529
-0.378452559627106
-0.370600465116632
-0.362604102219071
-0.354477422241316
-0.346234304139671
-0.337888537976210
-0.329453810013930
-0.320943689091835
-0.312371613876216
-0.303750880548611
-0.295094630463951
-0.286415837293850
-0.277727293159264
-0.269041593253209
-0.260371118457223
-0.251728015464457
-0.243124173937250
-0.234571200247903
-0.226080387378417
-0.217662680588948
-0.209328638506763
-0.201088389339313
-0.192951581978609
-0.184927331842193
-0.177024161391484
-0.169249935384646
-0.161611791061917
-0.154116063630008
-0.146768207611908
-0.139572714861406
-0.132533030308488
-0.125651466800985
-0.118929120734566
-0.112365790508500
-0.105959900194595
-0.0997084311416897
-0.0936068645322138
-0.0876491381294545
-0.0818276205683280
-0.0761331065112804
-0.0705548357784956
-0.0650805391388222
-0.0596965127978360
-0.0543877227432124
-0.0491379390285919
-0.0439298988439169
-0.0387454959056593
-0.0335659923970821
-0.0283722485004614
-0.0231449635933852
-0.0178649225195587
-0.0125132400547907
-0.00707159679964903
-0.00152246023085406
0.00415071451481096
0.00996330844689862
0.0159293901747277
0.0220615967412482
0.0283710442895003
0.0348672678575796
0.0415581886267783
0.0484501061960073
0.0555477129342277
0.0628541271616668
0.0703709418054245
0.0780982852319256
0.0860348911400179
0.0941781746672720
0.102524312184688
0.111068322603307
0.119804148367992
0.128724734652729
0.137822105587356
0.147087436631599
0.156511122465845
0.166082839989313
0.175791606206927
0.185625830948940
0.195573364505641
0.205621540376529
0.215757213432426
0.225966793872654
0.236236277430024
0.246551272335249
0.256897023600690
0.267258435221231
0.277620090917415
0.287966274062195
0.298280987436613
0.308547973450433
0.318750735439853
0.328872560614936
0.338896545173584
0.348805622026488
0.358582591489098
0.368210155193510
0.377670953357709
0.386947605424921
0.396022753956196
0.404879111529703
0.413499510275914
0.421866953564637
0.429964669263169
0.437776163909508
0.445285277094665
0.452476235326101
0.459333704651510
0.465842841357890
0.471989340123056
0.477759479081881
0.483140161372779
0.488118952845807
0.492684115736218
0.496824638230431
0.500530259969691
0.503791493645202
0.506599642933449
0.508946817098802
0.510825942650547
0.512230772482390
0.513155892944419
0.513596729301152
0.513549550016211
0.513011470275904
0.511980455122645
0.510455322516611
0.508435746582329
0.505922261227923
0.502916264250194
0.499420021960338
0.495436674284380
0.490970240211019
0.486025623378974
0.480608617518062
0.474725911384685
0.468385092765599
0.461594651065783
0.454363977949569
0.446703365471473
0.438624001117009
0.430137959176474
0.421258187898547
0.411998491916707
0.402373509510843
0.392398684358385
0.382090231542165
0.371465097713074
0.360540915449889
0.349335952010843
0.337869052824898
0.326159580217957
0.314227348002956
0.302092552675756
0.289775702044773
0.277297542176546
0.264678983558807
0.251941027366197
0.239104692662570
0.226190945291082
0.213220629093775
0.200214399972494
0.187192663159635
0.174175513917953
0.161182681740674
0.148233477982915
0.135346746728842
0.122540818590353
0.109833467045851
0.0972418668637888
0.0847825541162758
0.0724713872730812
0.0603235088753679
0.0483533073203701
0.0365743783416881
0.0249994858435871
0.0136405218403385
0.00250846536204866
-0.00838665968451087
-0.0190358275688932
-0.0294310544155597
-0.0395654420499740
-0.0494332213736805
-0.0590297944420159
-0.0683517742274262
-0.0773970208640282
-0.0861646729931712
-0.0946551726754988
-0.102870282214531
-0.110813091163883
-0.118488011779611
-0.125900761245470
-0.133058329154923
-0.139968928989273
-0.146641932690317
-0.153087787885565
-0.159317917872523
-0.165344605084608
-0.171180859414588
-0.176840273423944
-0.182336867075277
-0.187684925145923
-0.192898830873852
-0.197992899619302
-0.202981216377164
-0.207877480839882
-0.212694863398252
-0.217445875001775
-0.222142253216440
-0.226794866158825
-0.231413635296549
-0.236007477429945
-0.240584265546259
-0.245150807694805
-0.249712842588974
-0.254275050308048
-0.258841076248955
-0.263413566358367
-0.267994211646730
-0.272583800032393
-0.277182273669241
-0.281788790058587
-0.286401785420306
-0.291019038986301
-0.295637737070483
-0.300254535955505
-0.304865622811413
-0.309466774021429
-0.314053410433013
-0.318620649177451
-0.323163351808524
-0.327676168601444
-0.332153578928395
-0.336589927688440
-0.340979457818957
-0.345316338954954
-0.349594692333221
-0.353808612061908
-0.357952182894234
-0.362019494658849
-0.366004653510044
-0.369901790169500
-0.373705065338404
-0.377408672465249
-0.381006838060984
-0.384493819759959
-0.387863902332537
-0.391111391863655
-0.394230608321061
-0.397215876747556
-0.400061517323152
-0.402761834555485
-0.405311105869807
-0.407703569882896
-0.409933414657936
-0.411994766248933
-0.413881677853058
-0.415588119896434
-0.417107971382554
-0.418435012831806
-0.419562921134556
-0.420485266628220
-0.421195512689929
-0.421687018110345
-0.421953042480673
-0.421986754783893
-0.421781245333226
-0.421329541146457
-0.420624624785229
-0.419659456625131
-0.418427000457288
-0.416920252257107
-0.415132271893096
-0.413056217490464
-0.410685382112591
-0.408013232380357
-0.405033448616235
-0.401739966078159
-0.398127016837914
-0.394189171860392
-0.389921382852756
-0.385319023475558
-0.380377929539500
-0.375094437850092
-0.369465423405889
-0.363488334702075
-0.357161226937845
-0.350482792971228
-0.343452391906918
-0.336070075239858
-0.328336610508463
-0.320253502435770
-0.311823011553852
-0.303048170316523
-0.293932796707763
-0.284481505349004
-0.274699716098051
-0.264593660117027
-0.254170383367434
-0.243437747468429
-0.232404427831294
-0.221079908960196
-0.209474476788300
-0.197599207900753
-0.185465955483417
-0.173087331830128
-0.160476687242889
-0.147648085170005
-0.134616273447483
-0.121396651539612
-0.108005233715511
-0.0944586081491232
-0.0807738919897935
-0.0669686825175205
-0.0530610045693332
-0.0390692544984565
-0.0250121410031614
-0.0109086232343781
0.00322215334284935
0.0173609228021819
0.0314883657462606
0.0455851768267773
0.0596321321714649
0.0736101560963474
0.0875003864992259
0.101284238363599
0.114943464849439
0.128460215506256
0.141817091211930
0.154997195514864
0.167984182133962
0.180762298447614
0.193316424876490
0.205632110132917
0.217695602369997
0.229493876314817
0.241014656511193
0.252246436827945
0.263178496408727
0.273800912249496
0.284104568590554
0.294081163302932
0.303723211435021
0.313024046066195
0.321977816591423
0.330579484535852
0.338824816972923
0.346710377594961
0.354233515463008
0.361392351444152
0.368185762330889
0.374613362629275
0.380675484001410
0.386373152353889
0.391708062577424
0.396682550963927
0.401299565355650
0.405562633115705
0.409475827049448
0.413043729450419
0.416271394490984
0.419164309224664
0.421728353512123
0.423969759223876
0.425895069107620
0.427511095734983
0.428824880959530
0.429843656324040
0.430574804849433
0.431025824620273
0.431204294552723
0.431117842691202
0.430774117331150
0.430180761209048
0.429345388939223
0.428275567812240
0.426978802004023
0.425462520180451
0.423734066420832
0.421800694327113
0.419669564135099
0.417347742600232
0.414842205394112
0.412159841719105
0.409307460826846
0.406291800111774
0.403119534442427
0.399797286390247
0.396331637017199
0.392729136888747
0.388996316986701
0.385139699206345
0.381165806133231
0.377081169806543
0.372892339187291
0.368605886060445
0.364228409110104
0.359766535915733
0.355226922625332
0.350616251068129
0.345941223075261
0.341208551782166
0.336424949691491
0.331597113280889
0.326731703946686
0.321835325083170
0.316914495109080
0.311975616269150
0.307024939060788
0.302068522165868
0.297112187807142
0.292161472500199
0.287221573237491
0.282297289223243
0.277392959379529
0.272512395966656
0.267658814807160
0.262834762773285
0.258042043392666
0.253281641644560
0.248553649255415
0.243857192051396
0.239190361176986
0.234550150229628
0.229932400573615
0.225331757261670
0.220741638086880
0.216154218286624
0.211560433300663
0.206950001727952
0.202311470218374
0.197632281473832
0.192898865828446
0.188096756055228
0.183210724146963
0.178224937895703
0.173123134211240
0.167888805340444
0.162505393538798
0.156956489353865
0.151226028541141
0.145298482756783
0.139159039546803
0.132793767744154
0.126189765142339
0.119335286174720
0.112219848227271
0.104834316087719
0.0971709648339294
0.0892235221502844
0.0809871916087767
0.0724586588519299
0.0636360828701795
0.0545190746892430
0.0451086657917508
0.0354072685137692
0.0254186305031891
0.0151477851243782
0.00460099946049680
-0.00621427868328696
-0.0172894736239253
-0.0286149335863793
-0.0401799807607111
-0.0519729591801020
-0.0639812801731111
-0.0761914653295338
-0.0885891870874661
-0.101159307199539
-0.113885913468539
-0.126752355256181
-0.139741278362581
-0.152834659946352
-0.166013844204273
-0.179259579552684
-0.192552058047941
-0.205870957748188
-0.219195488651996
-0.232504442750662
-0.245776248601064
-0.258989030667702
-0.272120673500492
-0.285148890615574
-0.298051297738243
-0.310805489860015
-0.323389121366407
-0.335779988319282
-0.347956111837764
-0.359895821423424
-0.371577837025154
-0.382981348640268
-0.394086092301171
-0.404872421398256
-0.415321372433442
-0.425414724476230
-0.435135051795070
-0.444465769349843
-0.453391171045287
-0.461896460849862
-0.469967777071004
-0.477592210239110
-0.484757815184212
-0.491453617988495
-0.497669618564140
-0.503396789640410
-0.508627072948910
-0.513353373374743
-0.517569551797657
-0.521270417285086
-0.524451719222009
-0.527110139874242
-0.529243287785188
-0.530849692303736
-0.531928799435135
-0.532480969099013
-0.532507473770935
-0.532010498377354
-0.530993141210145
-0.529459415527706
-0.527414251416978
-0.524863497406841
-0.521813921251118
-0.518273209241789
-0.514249963373470
-0.509753695662086
-0.504794818927326
-0.499384633382626
-0.493535308440139
-0.487259859232060
-0.480572117473115
-0.473486696439215
-0.466018950009777
-0.458184925909357
-0.450001313479782
-0.441485386507298
-0.432654941810051
-0.423528234449194
-0.414123910552641
-0.404460938826240
-0.394558541867400
-0.384436128388425
-0.374113227401355
-0.363609425316353
-0.352944306767702
-0.342137399813186
-0.331208125963597
-0.320175755299073
-0.309059366727777
-0.297877813248703
-0.286649691901629
-0.275393317928979
-0.264126702540468
-0.252867533563728
-0.241633158183158
-0.230440566913854
-0.219306377925779
-0.208246820822661
-0.197277718987624
-0.186414469630369
-0.175672020706344
-0.165064843924866
-0.154606903119218
-0.144311617317205
-0.134191817925950
-0.124259699531746
-0.114526763917210
-0.105003757017819
-0.0957005986830493
-0.0866263052795790
-0.0777889053818707
-0.0691953490454294
-0.0608514114563678
-0.0527615921022930
-0.0449290110161133
-0.0373553041041432
-0.0300405200749094
-0.0229830220194975
-0.0161793972326050
-0.00962437936904157
-0.00331078745514487
0.00277051343999963
0.00863062498799098
0.0142825971443700
0.0197413742781060
0.0250237026064462
0.0301479969296749
0.0351341662893798
0.0400034000804853
0.0447779182082662
0.0494806909340465
0.0541351359116757
0.0587648013961715
0.0633930455484595
0.0680427220604442
0.0727358819469087
0.0774935003351089
0.0823352355389852
0.0872792257938717
0.0923419269372017
0.0975379922382737
0.102880193668811
0.108379382288245
0.114044484167283
0.119882527416468
0.125898695408398
0.132096401138397
0.138477377796276
0.145041780951847
0.151788298221392
0.158714262821455
0.165815767980983
0.173087779736210
0.180524246149109
0.188118201454326
0.195861864043766
0.203746727540959
0.211763644501686
0.219902902508451
0.228154292610917
0.236507170209519
0.244950508592349
0.253472945422413
0.262062822539485
0.270708219492904
0.279396981262843
0.288116740661278
0.296854935932330
0.305598824096886
0.314335490609324
0.323051855915457
0.331734679520362
0.340370562192058
0.348945946941233
0.357447119426902
0.365860208441519
0.374171187124883
0.382365875542093
0.390429945235153
0.398348926318753
0.406108217637061
0.413693100429200
0.421088755866436
0.428280286724841
0.435252743344982
0.441991153908019
0.448480558929116
0.454706049739052
0.460652810598600
0.466306163973250
0.471651618393813
0.476674918246306
0.481362094776793
0.485699517566248
0.489673945728876
0.493272578114318
0.496483101848221
0.499293738623443
0.501693288251206
0.503671169092410
0.505217455108191
0.506322909389644
0.506979014143885
0.507177997222146
0.506912855371448
0.506177374471335
0.504966147079262
0.503274587651402
0.501098945829844
0.498436318193000
0.495284658854631
0.491642789270019
0.487510407567004
0.482888097666961
0.477777338398086
0.472180512732453
0.466100917200894
0.459542771457610
0.452511227881123
0.445012381011527
0.437053276537804
0.428641919465333
0.419787281014972
0.410499303733793
0.400788904236772
0.390667972951468
0.380149370207490
0.369246918002450
0.357975386789389
0.346350476669674
0.334388792441988
0.322107812052656
0.309525848114488
0.296662002307881
0.283536112644955
0.270168693758950
0.256580870569424
0.242794305860287
0.228831122483052
0.214713821052454
0.200465194127390
0.186108237959549
0.171666062940227
0.157161803879947
0.142618531215672
0.128059164159616
0.113506386686963
0.0989825671147324
0.0845096818590174
0.0701092437823784
0.0558022353665394
0.0416090467764724
0.0275494187279975
0.0136423899383020
-9.37511682744408e-5
-0.0136415109054372
-0.0269842313762689
-0.0401061286051494
-0.0529923282155984
-0.0656288990837874
-0.0780028853378955
-0.0901023369927094
-0.101916339409822
-0.113435041659436
-0.124649683733190
-0.135552622421644
-0.146137355528556
-0.156398543950392
-0.166332031008069
-0.175934858283512
-0.185205277092197
-0.194142754620916
-0.202747973685179
-0.211022825020916
-0.218970391028651
-0.226594919942926
-0.233901789511955
-0.240897459446614
-0.247589412135301
-0.253986081418974
-0.260096769571366
-0.265931553020167
-0.271501177758371
-0.276816945809146
-0.281890594497941
-0.286734170626773
-0.291359901913740
-0.295780068235732
-0.300006875279961
-0.304052333163831
-0.307928142424628
-0.311645589520800
-0.315215453642466
-0.318647926223070
-0.321952544102646
-0.325138136842377
-0.328212788254849
-0.331183811815666
-0.334057739276198
-0.336840321514794
-0.339536540449968
-0.342150630693972
-0.344686109544806
-0.347145813891932
-0.349531942636894
-0.351846103294559
-0.354089361534011
-0.356262292530765
-0.358365033125578
-0.360397333912909
-0.362358610508126
-0.364247993362979
-0.366064375610372
-0.367806458520416
-0.369472794239027
-0.371061825557659
-0.372571922528481
-0.374001415793939
-0.375348626544184
-0.376611893051269
-0.377789593756413
-0.378880166907261
-0.379882126756805
-0.380794076345786
-0.381614716896743
-0.382342853851508
-0.382977399585663
-0.383517372834086
-0.383961894862122
-0.384310182417704
-0.384561537501834
-0.384715333998842
-0.384771001214525
-0.384728004380414
-0.384585822196692
-0.384343921505513
-0.384001729211233
-0.383558601595226
-0.383013791210852
-0.382366411589501
-0.381615400041475
-0.380759478896000
-0.379797115592362
-0.378726482108430
-0.377545414292144
-0.376251371744100
-0.374841398982404
-0.373312088701033
-0.371659548005855
-0.369879368573264
-0.367966601719547
-0.365915739388811
-0.363720702057653
-0.361374834510409
-0.358870910355217
-0.356201146025537
-0.353357224843240
-0.350330331509886
-0.347111197147131
-0.343690154733287
-0.340057204491750
-0.336202088491757
-0.332114373437558
-0.327783540364211
-0.323199079741675
-0.318350590326364
-0.313227880000589
-0.307821066810842
-0.302120678456540
-0.296117748588013
-0.289803908438126
-0.283171472524556
-0.276213517405705
-0.268923952737536
-0.261297584146654
-0.253330167693199
-0.245018455934020
-0.236360235803499
-0.227354358700072
-0.218000763297840
-0.208300491693809
-0.198255699553651
-0.187869660935242
-0.177146768453707
-0.166092529408821
-0.154713558430377
-0.143017567114336
-0.131013351027053
-0.118710774350912
-0.106120752336665
-0.0932552316192917
-0.0801271683492569
-0.0667505039929780
-0.0531401385688100
-0.0393119010112515
-0.0252825162998011
-0.0110695689531230
0.00330853752317642
0.0178326256334330
0.0324827936908833
0.0472384707072008
0.0620784765647878
0.0769810875423714
0.0919241071212345
0.106884941839954
0.121840681796662
0.136768185227626
0.151644166428254
0.166445286136417
0.181148243376981
0.195729867678021
0.210167210519213
0.224437634864842
0.238518901668704
0.252389252314234
0.266027486066363
0.279413031755388
0.292526013079876
0.305347307096139
0.317858595647268
0.330042409666120
0.341882166456394
0.353362200207515
0.364467786127701
0.375185158682240
0.385501524499250
0.395405070553067
0.404884968257188
0.413931374096657
0.422535427406674
0.430689245863278
0.438385919196519
0.445619501569791
0.452385002994011
0.458678380064922
0.464496526228415
0.469837261694793
0.474699323040237
0.479082352454462
0.482986886519384
0.486414344336435
0.489367014761820
0.491848042461314
0.493861412461088
0.495411932850351
0.496505215286908
0.497147652969580
0.497346395772552
0.497109322286690
0.496445008580922
0.495362693581793
0.493872241068662
0.491984098392334
0.489709252141803
0.487059181101937
0.484045806958688
0.480681443311792
0.476978743642228
0.472950648947897
0.468610335802022
0.463971165602013
0.459046635760875
0.453850333549301
0.448395893226535
0.442696957005517
0.436767140287464
0.430620001478280
0.424269016569771
0.417727558538186
0.411008881486197
0.404126109336527
0.397092228779401
0.389920086084243
0.382622387309901
0.375211701387523
0.367700465505516
0.360100992195673
0.352425477501856
0.344686009605636
0.336894577284845
0.329063077589025
0.321203322128187
0.313327041386320
0.305445886487186
0.297571427855803
0.289715150233814
0.281888443520029
0.274102588918800
0.266368739888620
0.258697897392348
0.251100878959754
0.243588281084682
0.236170434495250
0.228857351859566
0.221658667525375
0.214583568944980
0.207640719512780
0.200838172649086
0.194183277108698
0.187682573685252
0.181341683732030
0.175165190236225
0.169156512574527
0.163317776548699
0.157649681851059
0.152151369734777
0.146820294346077
0.141652101885132
0.136640522455167
0.131777280073569
0.127052026777774
0.122452306973421
0.117963558049037
0.113569152734377
0.109250487644206
0.104987120901536
0.100756959704653
0.0965364962874979
0.0923010880873842
0.0880252752985451
0.0836831266083810
0.0792486020377252
0.0746959206486032
0.0699999205784434
0.0651363994442209
0.0600824245629508
0.0548166044919825
0.0493193158742905
0.0435728822235772
0.0375617038556345
0.0312723404625528
0.0246935496935082
0.0178162864768832
0.0106336686834762
0.00314091512972133
-0.00466473807335963
-0.0127841371153187
-0.0212163208210083
-0.0299586371514632
-0.0390068619836608
-0.0483553169689308
-0.0579969839199787
-0.0679236137665483
-0.0781258286381457
-0.0885932160763384
-0.0993144147523896
-0.110277191375687
-0.121468508733830
-0.132874585016229
-0.144480944749221
-0.156272461820534
-0.168233395201720
-0.180347418094537
-0.192597641335158
-0.204966631990692
-0.217436428176389
-0.229988551207729
-0.242604016276715
-0.255263342901669
-0.267946566439375
-0.280633251961086
-0.293302511773027
-0.305933027801099
-0.318503079952881
-0.330990581413979
-0.343373121628942
-0.355628017461462
-0.367732372730384
-0.379663145987204
-0.391397226051533
-0.402911514470864
-0.414183013739823
-0.425188919822416
-0.435906717288037
-0.446314275214643
-0.456389941942051
-0.466112636780535
-0.475461936893412
-0.484418157769416
-0.492962425967429
-0.501076743134458
-0.508744040646463
-0.515948224579446
-0.522674211064480
-0.528907952397773
-0.534636454551657
-0.539847786955553
-0.544531085582686
-0.548676550488231
-0.552275439000372
-0.555320055772822
-0.557803740872577
-0.559720857007574
-0.561066776903023
-0.561837871719333
-0.562031501274684
-0.561646006696060
-0.560680705977433
-0.559135892775186
-0.557012838620034
-0.554313798572488
-0.551042020195485
-0.547201755563480
-0.542798275872531
-0.537837888061789
-0.532327952705389
-0.526276902288049
-0.519694258842360
-0.512590649806408
-0.504977820864394
-0.496868644468208
-0.488277122713363
-0.479218383266713
-0.469708667123516
-0.459765307113092
-0.449406696277847
-0.438652245517953
-0.427522330216837
-0.416038225928839
-0.404222033603123
-0.392096595216006
-0.379685401063461
-0.367012490302126
-0.354102346597528
-0.340979790923209
-0.327669873640535
-0.314197767970065
-0.300588666843106
-0.286867684905943
-0.273059767155093
-0.259189605330552
-0.245281562808657
-0.231359608340694
-0.217447258599626
-0.203567529144072
-0.189742893100159
-0.175995246607489
-0.162345879879889
-0.148815452595062
-0.135423972246776
-0.122190774063193
-0.109134501108344
-0.0962730832332185
-0.0836237136211088
-0.0712028217726242
-0.0590260418942185
-0.0471081757870950
-0.0354631494797021
-0.0241039630074604
-0.0130426329204931
-0.00229012729836493
0.00814370672396058
0.0182502226556091
0.0280220610109764
0.0374532414201747
0.0465392591740353
0.0552771844308303
0.0636657618006683
0.0717055074691184
0.0793988004433401
0.0867499639325960
0.0937653323541257
0.100453299041515
0.106824339493519
0.112891005010784
0.118667881898828
0.124171512128643
0.129420272477052
0.134434210715017
0.139234839321615
0.143844889368018
0.148288029481594
0.152588556968529
0.156771070032173
0.160860131375015
0.164879934161331
0.168853981261498
0.172804787899656
0.176753616370760
0.180720249538989
0.184722807579808
0.188777610099350
0.192899083557552
0.197099711995936
0.201390027534092
0.205778636000880
0.210272272406269
0.214875880696989
0.219592712307387
0.224424438337609
0.229371270684989
0.234432088049036
0.239604563365529
0.244885289854399
0.250269903456827
0.255753199968731
0.261329245640049
0.266991480399037
0.272732813180452
0.278545709091701
0.284422268349402
0.290354297068563
0.296333370096030
0.302350886156722
0.308398115632384
0.314466241324171
0.320546392567508
0.326629673074512
0.332707182879383
0.338770034758334
0.344809365490131
0.350816342317878
0.356782164968790
0.362698063587327
0.368555292939146
0.374345123249268
0.380058828048177
0.385687669414276
0.391222881020140
0.396655649413060
0.401977093986740
0.407178246129947
0.412250028068024
0.417183231943113
0.421968499706678
0.426596304421391
0.431056933586162
0.435340475105501
0.439436806519801
0.443335588094016
0.447026260326287
0.450498046383651
0.453739959898027
0.456740818462206
0.459489263053691
0.461973783486299
0.464182749849175
0.466104449745099
0.467727130990701
0.469039049296893
0.470028520315523
0.470683975324435
0.470994019733812
0.470947493536531
0.470533532797305
0.469741631280885
0.468561701357631
0.466984133392755
0.464999852918882
0.462600375004801
0.459777855359645
0.456525137844507
0.452835798195900
0.448704183891375
0.444125450201798
0.439095592573084
0.433611475559737
0.427670858591497
0.421272418892155
0.414415771886369
0.407101489427052
0.399331116154119
0.391107184256917
0.382433226859546
0.373313790182669
0.363754444559574
0.353761794300283
0.343343486307929
0.332508217258647
0.321265739062694
0.309626862233148
0.297603456702673
0.285208449552030
0.272455819050096
0.259360584358385
0.245938790227588
0.232207486013583
0.218184698369353
0.203889397030105
0.189341453203164
0.174561590201978
0.159571326122823
0.144392908549406
0.129049241478288
0.113563804878264
0.0979605675195900
0.0822638939227102
0.0664984464693885
0.0506890838806441
0.0348607573859312
0.0190384059792447
0.00324685217582052
-0.0124893003531264
-0.0281457659781510
-0.0436986719862588
-0.0591246481483494
-0.0744009101936339
-0.0895053366190591
-0.104416538479357
-0.119113922013691
-0.133577744158440
-0.147789161164725
-0.161730270678441
-0.175384147746364
-0.188734875283380
-0.201767569573393
-0.214468401382330
-0.226824613238775
-0.238824533390116
-0.250457586873788
-0.261714304058563
-0.272586326914048
-0.283066413161821
-0.293148438352616
-0.302827395804589
-0.312099394231462
-0.320961652789835
-0.329412493185976
-0.337451328407521
-0.345078647588772
-0.352295996483457
-0.359105953009708
-0.365512097352016
-0.371518976156744
-0.377132060443157
-0.382357696971046
-0.387203052957336
-0.391676054214048
-0.395785316982453
-0.399540073955415
-0.402950095201339
-0.406025604917543
-0.408777195135827
-0.411215737666599
-0.413352295689255
-0.415198036467007
-0.416764146678450
-0.418061751813753
-0.419101840982491
-0.419895198328078
-0.420452342049478
-0.420783471805302
-0.420898425031107
-0.420806642450574
-0.420517142817379
-0.420038506697727
-0.419378868902125
-0.418545919005253
-0.417546909258058
-0.416388669097641
-0.415077625397008
-0.413619827565599
-0.412020976608732
-0.410286457275021
-0.408421372460432
-0.406430579091058
-0.404318724769136
-0.402090284534387
-0.399749597161695
-0.397300900483774
-0.394748365291461
-0.392096127423069
-0.389348317706680
-0.386509089464814
-0.383582643329140
-0.380573249143977
-0.377485264761373
-0.374323151548035
-0.371091486435692
-0.367794970352391
-0.364438432873161
-0.361026832925334
-0.357565255377187
-0.354058903329362
-0.350513085917494
-0.346933201422813
-0.343324715476035
-0.339693134130293
-0.336043971572371
-0.332382712240357
-0.328714767121887
-0.325045424023382
-0.321379791630011
-0.317722737222253
-0.314078817982034
-0.310452205913983
-0.306846606530344
-0.303265171606428
-0.299710406511875
-0.296184072865290
-0.292687087548305
-0.289219419449628
-0.285779985686353
-0.282366549460084
-0.278975622134435
-0.275602372546208
-0.272240546955071
-0.268882403358162
-0.265518664102541
-0.262138490771952
-0.258729485157637
-0.255277719705747
-0.251767800139827
-0.248182961981359
-0.244505201457949
-0.240715439852981
-0.236793718799809
-0.232719422471222
-0.228471521189905
-0.224028829816862
-0.219370273474235
-0.214475152805598
-0.209323401104491
-0.203895826234697
-0.198174331260081
-0.192142108996971
-0.185783807174829
-0.179085662412901
-0.172035602673616
-0.164623319142507
-0.156840309543951
-0.148679895698175
-0.140137218652800
-0.131209214999767
-0.121894578049644
-0.112193707422642
-0.102108650373709
-0.0916430378400963
-0.0808020178201440
-0.0695921882910460
-0.0580215314725414
-0.0460993508574142
-0.0338362120668410
-0.0212438882527332
-0.00833531046062172
0.00487547691648719
0.0183733557233071
0.0321421690372385
0.0461647521669828
0.0604229604552301
0.0748976948750353
0.0895689265785783
0.104415721701203
0.119416267836219
0.134547903668636
0.149787153279428
0.165109766596704
0.180490767367698
0.195904509849543
0.211324745164642
0.226724697940225
0.242077153459488
0.257354555108029
0.272529111424843
0.287572911588286
0.302458047713708
0.317156741942046
0.331641475986483
0.345885120601581
0.359861062362623
0.373543325199229
0.386906684312946
0.399926770409896
0.412580162574037
0.424844468565807
0.436698391822992
0.448121784934071
0.459095689820383
0.469602365278553
0.479625302881971
0.489149232509452
0.498160118957488
0.506645151201998
0.514592725913152
0.521992426802502
0.528835001306618
0.535112335997398
0.540817431966978
0.545944381274449
0.550488345369942
0.554445536235149
0.557813200801889
0.560589609034410
0.562774045887852
0.564366807184871
0.565369199284532
0.565783542251970
0.565613176073759
0.564862469303356
0.563536829364997
0.561642713596224
0.559187639973508
0.556180196348309
0.552630046930202
0.548547934697996
0.543945678408419
0.538836162913870
0.533233321603457
0.527152109950190
0.520608469383031
0.513619281002151
0.506202309010308
0.498376134128036
0.490160077675653
0.481574117416792
0.472638796640228
0.463375128282939
0.453804496144240
0.443948555390112
0.433829134587361
0.423468141436110
0.412887474192281
0.402108940502697
0.391154185034238
0.380044626889168
0.368801407386584
0.357445348379857
0.345996920893244
0.334476223515106
0.322902969692156
0.311296482835630
0.299675697977881
0.288059168604040
0.276465077222368
0.264911248220848
0.253415161577489
0.241993966038415
0.230664490442416
0.219443251945174
0.208346459974366
0.197390014822846
0.186589499857404
0.175960166382781
0.165516910253850
0.155274239373648
0.145246231253554
0.135446479847831
0.125888030913878
0.116583305199201
0.107544008826596
0.0987810303527781
0.0903043241284991
0.0821227798085724
0.0742440781696576
0.0666745338156763
0.0594189259094399
0.0524803187866436
0.0458598752011085
0.0395566660229628
0.0335674814508338
0.0278866501648375
0.0225058742637254
0.0174140891793106
0.0125973588816036
0.00803881737609131
0.00371866752288029
-0.000385752647125794
-0.00429982785831417
-0.00805144255344767
-0.0116706758210460
-0.0151894181817324
-0.0186409195058383
-0.0220592825529645
-0.0254789210483675
-0.0289340042499570
-0.0324579111814827
-0.0360827169301443
-0.0398387307382680
-0.0437541014340979
-0.0478545006100511
-0.0521628885084325
-0.0566993624165182
-0.0614810829776053
-0.0665222704851503
-0.0718342610501481
-0.0774256114654022
-0.0833022414708857
-0.0894676027294357
-0.0959228649155685
-0.102667110686072
-0.109697532762087
-0.117009627777835
-0.124597382854981
-0.132453451996117
-0.140569320337819
-0.148935455065572
-0.157541442385148
-0.166376110390036
-0.175427637987327
-0.184683650269568
-0.194131300870102
-0.203757341934051
-0.213548182392749
-0.223489935259734
-0.233568454681958
-0.243769363489065
-0.254078071992714
-0.264479788801637
-0.274959524439629
-0.285502088585015
-0.296092081792188
-0.306713882608437
-0.317351631061308
-0.327989209560857
-0.338610222333900
-0.349197974579123
-0.359735452596883
-0.370205306198654
-0.380589834730665
-0.390870978045800
-0.401030313718944
-0.411049061715972
-0.420908097589212
-0.430587975078967
-0.440068958751169
-0.449331066999698
-0.458354125396996
-0.467117830002342
-0.475601819851485
-0.483785757476110
-0.491649415960059
-0.499172770754491
-0.506336094266691
-0.513120051122767
-0.519505791991998
-0.525475043951693
-0.531010195559422
-0.536094375070694
-0.540711520575075
-0.544846441198977
-0.548484868914597
-0.551613500877859
-0.554220032573359
-0.556293182354713
-0.557822708223350
-0.558799417881653
-0.559215173226391
-0.559062890518394
-0.558336537480281
-0.557031128543357
-0.555142719395919
-0.552668401886579
-0.549606300215253
-0.545955569207560
-0.541716395320512
-0.536890000871811
-0.531478651824076
-0.525485669289653
-0.518915444751597
-0.511773458821509
-0.504066303174963
-0.495801705120319
-0.486988554067773
-0.477636928974982
-0.467758125657432
-0.457364682672017
-0.446470404319269
-0.435090379173529
-0.423240992453266
-0.410939930498757
-0.398206175644844
-0.385059989874451
-0.371522885823268
-0.357617583982053
-0.343367955308950
-0.328798948910901
-0.313936504963622
-0.298807453588518
-0.283439400960829
-0.267860604450180
-0.252099839055735
-0.236186257758906
-0.220149248649385
-0.204018291766709
-0.187822818533316
-0.171592076442004
-0.155355001318537
-0.139140099036194
-0.122975338046819
-0.106888053548751
-0.0909048635712329
-0.0750515967488072
-0.0593532311127295
-0.0438338428570044
-0.0285165637539305
-0.0134235457004773
0.00142406923097389
0.0160061748937818
0.0303037249385376
0.0442987559794697
0.0579744114416694
0.0713149673016605
0.0843058607338823
0.0969337224549904
0.109186413320041
0.121053065470928
0.132524128067422
0.143591417343116
0.154248170420246
0.164489101987036
0.174310462588535
0.183710096909358
0.192687500040784
0.201243869337060
0.209382149094783
0.217107064960092
0.224425144713664
0.231344721941333
0.237875919110604
0.244030606781605
0.249822336120429
0.255266242575844
0.260378919529586
0.265178261912556
0.269683281141240
0.273913894187634
0.277890691044582
0.281634686164407
0.285167060509623
0.288508901553632
0.291680948831600
0.294703352435355
0.297595451187923
0.300375576186375
0.303060884066311
0.305667222840151
0.308209031622936
0.310699274101688
0.313149404323050
0.315569362334391
0.317967596449100
0.320351108421154
0.322725517587013
0.325095140027794
0.327463078975761
0.329831322988057
0.332200848791719
0.334571726127217
0.336943222350912
0.339313904975420
0.341681740714242
0.344044189942849
0.346398295787846
0.348740767307787
0.351068056435679
0.353376428517678
0.355662026409683
0.357920928188489
0.360149198601790
0.362342934426530
0.364498303931944
0.366611580656097
0.368679171705876
0.370697640783081
0.372663726125747
0.374574353535992
0.376426644645205
0.378217920545497
0.379945700894291
0.381607698577689
0.383201809998852
0.384726101040924
0.386178788741060
0.387558218703877
0.388862838280175
0.390091165541430
0.391241754093481
0.392313153795660
0.393303867485644
0.394212303857375
0.395036726700736
0.395775200788934
0.396425534793648
0.396985221719622
0.397451377479363
0.397820678373856
0.398089298404201
0.398252847507781
0.398306311984969
0.398243998550301
0.398059483595208
0.397745569375319
0.397294248920004
0.396696681490223
0.395943180368058
0.395023214634484
0.393925426371183
0.392637664403177
0.391147035284145
0.389439971726406
0.387502318112280
0.385319432120929
0.382876300899919
0.380157669642498
0.377148179939832
0.373832514898104
0.370195547772067
0.366222490787042
0.361899040905077
0.357211519529557
0.352147003514804
0.346693445322792
0.340839780711333
0.334576022908429
0.327893342789282
0.320784135093910
0.313242071179948
0.305262139180484
0.296840672722490
0.287975369556205
0.278665301554651
0.268910917573713
0.258714040628233
0.248077860750235
0.237006924763437
0.225507124044241
0.213585681152518
0.201251136013055
0.188513332116308
0.175383402989694
0.161873758971699
0.147998074103876
0.133771272743918
0.119209515300323
0.104330182300838
0.0891518558390488
0.0736942973036104
0.0579784201913533
0.0420262567481806
0.0258609171797021
0.00950654023559385
-0.00701176589559303
-0.0236679932374520
-0.0404353147983690
-0.0572861766937685
-0.0741924014428406
-0.0911253018243880
-0.108055804222456
-0.124954579952031
-0.141792182657406
-0.158539189549046
-0.175166344013459
-0.191644697012943
-0.207945744697909
-0.224041559784083
-0.239904914490950
-0.255509393178340
-0.270829493230621
-0.285840713194005
-0.300519627642414
-0.314843948703266
-0.328792574592273
-0.342345625867475
-0.355484470404750
-0.368191738313983
-0.380451328156521
-0.392248405894640
-0.403569398010187
-0.414401980181929
-0.424735062819930
-0.434558774630977
-0.443864445241153
-0.452644587738404
-0.460892881826020
-0.468604158102630
-0.475774383809207
-0.482400650211535
-0.488481161619273
-0.494015225881719
-0.499003246046938
-0.503446712726683
-0.507348196576795
-0.510711340184456
-0.513540848553726
-0.515842477304019
-0.517623017648005
-0.518890277201880
-0.519653055707654
-0.519921114819203
-0.519705141224688
-0.519016702548789
-0.517868195696978
-0.516272787565265
-0.514244348332906
-0.511797377869114
-0.508946926101417
-0.505708508494264
-0.502098018052498
-0.498131635477274
-0.493825739246572
-0.489196817457778
-0.484261383250776
-0.479035895527571
-0.473536686505817
-0.467779897401162
-0.461781423243451
-0.455556867513300
-0.449121506957489
-0.442490266622119
-0.435677704846958
-0.428698007704829
-0.421564992154347
-0.414292117006708
-0.406892500688160
-0.399378944706490
-0.391763961697569
-0.384059806930431
-0.376278512179343
-0.368431920921772
-0.360531723885172
-0.352589494036955
-0.344616720185640
-0.336624838432580
-0.328625260779548
-0.320629400255288
-0.312648691972056
-0.304694609560259
-0.296778676454754
-0.288912471520152
-0.281107628504689
-0.273375828803323
-0.265728786991419
-0.258178228561723
-0.250735859260762
-0.243413325378234
-0.236222164297134
-0.229173744566907
-0.222279194721951
-0.215549320039970
-0.208994506428080
-0.202624610650925
-0.196448836189392
-0.190475594159504
-0.184712348951380
-0.179165448594145
-0.173839940343417
-0.168739372653695
-0.163865585566197
-0.159218492633362
-0.154795858819429
-0.150593080342576
-0.146602974103006
-0.142815586071325
-0.139218029635375
-0.135794366206507
-0.132525541104042
-0.129389387580353
-0.126360710546574
-0.123411458913870
-0.120510991423217
-0.117626435545351
-0.114723132874966
-0.111765158024047
-0.108715892095056
-0.105538627171328
-0.102197175564275
-0.0986564572081033
-0.0948830406444218
-0.0908456171797114
-0.0865153934227223
-0.0818663937480000
-0.0768756705065094
-0.0715234253585986
-0.0657930494918921
-0.0596710934988091
-0.0531471793324809
-0.0462138672031832
-0.0388664897799574
-0.0311029649140957
-0.0229235965759568
-0.0143308720218796
-0.00532926155380683
0.00407497428671364
0.0138739665731423
0.0240584064839521
0.0346176989001849
0.0455401002691705
0.0568128404090629
0.0684222283064102
0.0803537422296040
0.0925921046737703
0.105121342792864
0.117924835083832
0.130985345183202
0.144285043732205
0.157805519372946
0.171527780062500
0.185432246038284
0.199498735937678
0.213706447765268
0.228033936606296
0.242459091195074
0.256959111648086
0.271510490845251
0.286089002067416
0.300669695549246
0.315226906558703
0.329734277443422
0.344164795771037
0.358490850223798
0.372684305288138
0.386716595022660
0.400558835325136
0.414181953198628
0.427556830600417
0.440654459615022
0.453446104995046
0.465903469624227
0.477998858223196
0.489705334664581
0.500996868588314
0.511848467581844
0.522236291961985
0.532137750098269
0.541531573177141
0.550397869249568
0.558718157268050
0.566475382554532
0.573653915717803
0.580239537445247
0.586219411832721
0.591582051003677
0.596317273728346
0.600416160613939
0.603871008225844
0.606675284244052
0.608823585480919
0.610311600303155
0.611136076725100
0.611294797179052
0.610786560724947
0.609611173235295
0.607769445878949
0.605263202023467
0.602095292474334
0.598269618763080
0.593791163978738
0.588666030402750
0.582901482952325
0.576505997160780
0.569489310127823
0.561862472565473
0.553637899758421
0.544829418969269
0.535452310572565
0.525523340025303
0.515060777706882
0.504084403720210
0.492615494965987
0.480676792204683
0.468292445413073
0.455487936515114
0.442289979491276
0.428726398896418
0.414825988876107
0.400618355784472
0.386133748388866
0.371402880319249
0.356456749821346
0.341326461964769
0.326043058233351
0.310637357908220
0.295139814895428
0.279580392719625
0.263988459384006
0.248392702765178
0.232821066241771
0.217300703403967
0.201857949995621
0.186518310719701
0.171306458192507
0.156246241149551
0.141360698963703
0.126672079606181
0.112201858333657
0.0979707545919873
0.0839987448638142
0.0703050694332582
0.0569082312807356
0.0438259855443774
0.0310753181862409
0.0186724126806502
0.00663260370194364
-0.00502968306303460
-0.0163010057050045
-0.0271689960505091
-0.0376224651590605
-0.0476515244788816
-0.0572477224474981
-0.0664041958782468
-0.0751158348863614
-0.0833794593497159
-0.0911940039465580
-0.0985607076549400
-0.105483302245991
-0.111968192796284
-0.118024621665205
-0.123664805863714
-0.128904036467995
-0.133760727942103
-0.138256405196309
-0.142415617188161
-0.146265768082837
-0.149836860523759
-0.153161150342698
-0.156272717761824
-0.159206966288974
-0.162000066391415
-0.164688365893724
-0.167307792193428
-0.169893272346932
-0.172478195688989
-0.175093940107578
-0.177769477911882
-0.180531071116596
-0.183402059692670
-0.186402740593710
-0.189550330667764
-0.192859003186044
-0.196339985720805
-0.200001706364068
-0.203849975563361
-0.207888191876705
-0.212117561435696
-0.216537322608487
-0.221144969084075
-0.225936466223267
-0.230906456960360
-0.236048454755084
-0.241355022079813
-0.246817933695517
-0.252428324546084
-0.258176822514116
-0.264053666562442
-0.270048810962674
-0.276152016410035
-0.282352928863295
-0.288641146946955
-0.295006278723127
-0.301437988593244
-0.307926035032470
-0.314460299798184
-0.321030809192404
-0.327627747899378
-0.334241465866101
-0.340862478646676
-0.347481461592564
-0.354089238240776
-0.360676763231903
-0.367235100080377
-0.373755394121360
-0.380228840972947
-0.386646650879785
-0.393000009345283
-0.399280034514879
-0.405477731842254
-0.411583946653612
-0.417589315320837
-0.423484215860554
-0.429258718889365
-0.434902539981413
-0.440404994586719
-0.445754956769961
-0.450940823110574
-0.455950483156177
-0.460771297831915
-0.465390087167853
-0.469793128606100
-0.473966166982032
-0.477894437036825
-0.481562699013169
-0.484955287519991
-0.488056173438847
-0.490849038203714
-0.493317359341705
-0.495444505742162
-0.497213840753937
-0.498608830921667
-0.499613157982895
-0.500210831673130
-0.500386300930649
-0.500124561252899
-0.499411256218453
-0.498232771532208
-0.496576320351075
-0.494430019075043
-0.491782953216713
-0.488625233366648
-0.484948041632441
-0.480743669232035
-0.476005546158433
-0.470728264000801
-0.464907593108007
-0.458540495320347
-0.451625133480934
-0.444160878878730
-0.436148317678715
-0.427589257269273
-0.418486733308717
-0.408845018087331
-0.398669630641743
-0.387967348867396
-0.376746223673672
-0.365015595015919
-0.352786109420233
-0.340069738392084
-0.326879796871642
-0.313230960671559
-0.299139281613938
-0.284622198881448
-0.269698544924964
-0.254388544140742
-0.238713802459719
-0.222697285996067
-0.206363286996894
-0.189737375531837
-0.172846335667236
-0.155718085284259
-0.138381579214260
-0.120866695958488
-0.103204108903610
-0.0854251436013246
-0.0675616233060672
-0.0496457055137562
-0.0317097126740832
-0.0137859605241096
0.00409341241119941
0.0218966106936319
0.0395923400295490
0.0571499547403545
0.0745395924177736
0.0917322941574766
0.108700109419065
0.125416185204030
0.141854839837592
0.157991622155457
0.173803357312379
0.189268180736115
0.204365561946982
0.219076320056138
0.233382632756676
0.247268040545288
0.260717447774422
0.273717121950910
0.286254692480631
0.298319149821429
0.309900845757075
0.320991495250028
0.331584180074496
0.341673354176554
0.351254850456737
0.360325888424208
0.368885081932497
0.376932445978316
0.384469401332225
0.391498775580560
0.398024799001873
0.404053093590553
0.409590653489536
0.414645815117974
0.419228215392971
0.423348736658743
0.427019437259034
0.430253467119116
0.433064968233369
0.435468960563635
0.437481214512446
0.439118111804482
0.440396497243623
0.441333524363472
0.441946498411256
0.442252720361204
0.442269335719760
0.442013191753041
0.441500706446042
0.440747752018634
0.439769555214059
0.438580615888456
0.437194644714930
0.435624520120562
0.433882263940367
0.431979034729461
0.429925137243306
0.427730046284030
0.425402442916877
0.422950260975108
0.420380741778992
0.417700495076851
0.414915564354159
0.412031494832372
0.409053402675875
0.405986044129629
0.402833883510751
0.399601159166447
0.396291946682883
0.392910218781511
0.389459901469515
0.385944926119235
0.382369277238416
0.378737035760335
0.375052417731989
0.371319808311487
0.367543791004460
0.363729172075480
0.359881000065803
0.356004580334575
0.352105484518348
0.348189554774221
0.344262902636176
0.340331902272946
0.336403177889750
0.332483584966266
0.328580184970103
0.324700213129881
0.320851038796296
0.317040117865257
0.313274936686974
0.309562946842577
0.305911490140401
0.302327713173954
0.298818470801468
0.295390217963255
0.292048889361233
0.288799766700449
0.285647333453368
0.282595117473856
0.279645522279342
0.276799648455252
0.274057107428996
0.271415830815832
0.268871879644709
0.266419258995771
0.264049744860526
0.261752731273999
0.259515106831456
0.257321170422122
0.255152596197956
0.252988457255694
0.250805316085673
0.248577387443762
0.246276775957705
0.243873786653024
0.241337301994869
0.238635214438045
0.235734899378747
0.232603710318903
0.229209476395432
0.225520982416436
0.221508413179128
0.217143746887047
0.212401086524322
0.207256922572592
0.201690324957593
0.195683066150253
0.189219680615111
0.182287468140994
0.174876449988609
0.166979287338516
0.158591171379784
0.149709693731803
0.140334704923338
0.130468167524220
0.120114009361553
0.109277981142529
0.0979675218044915
0.0861916340460785
0.0739607717667848
0.0612867405467696
0.0481826118164128
0.0346626509733143
0.0207422593791828
0.00643792988707567
-0.00823278471043803
-0.0232512911775098
-0.0385979644071719
-0.0542521464874403
-0.0701921379910269
-0.0863951835542776
-0.102837454163824
-0.119494028924595
-0.136338879418017
-0.153344860044548
-0.170483707943659
-0.187726056155890
-0.205041463593417
-0.222398465079439
-0.239764644174015
-0.257106730713280
-0.274390723961482
-0.291582041050261
-0.308645689025155
-0.325546457430096
-0.342249127049350
-0.358718689312007
-0.374920570056283
-0.390820850934640
-0.406386481762800
-0.421585477577783
-0.436387095026894
-0.450761983876650
-0.464682310795737
-0.478121854006030
-0.491056068791742
-0.503462125108678
-0.515318919570804
-0.526607064868371
-0.537308860179849
-0.547408246393174
-0.556890749983410
-0.565743419247462
-0.573954756319793
-0.581514648032085
-0.588414298274679
-0.594646164101195
-0.600203897413626
-0.605082293689219
-0.609277248870653
-0.612785725239470
-0.615605726826554
-0.617736284676429
-0.619177452065633
-0.619930309569412
-0.619996979665197
-0.619380650345760
-0.618085606980994
-0.616117271408349
-0.613482246944719
-0.610188367697624
-0.606244750217058
-0.601661845183310
-0.596451486489845
-0.590626934780182
-0.584202912266575
-0.577195625534108
-0.569622773055976
-0.561503534351349
-0.552858538134803
-0.543709807449983
-0.534080680643723
-0.523995708089250
-0.513480525751239
-0.502561707920754
-0.491266602636628
-0.479623154347932
-0.467659719162595
-0.455404878493281
-0.442887257007707
-0.430135350509229
-0.417177368746101
-0.404041097239268
-0.390753781117686
-0.377342032756826
-0.363831763828023
-0.350248141268662
-0.336615565740113
-0.322957670391846
-0.309297337212597
-0.295656727918019
-0.282057326178696
-0.268519988002059
-0.255064997211290
-0.241712123177644
-0.228480678226755
-0.215389572425559
-0.202457363741744
-0.189702301834397
-0.177142363970860
-0.164795281762578
-0.152678557567931
-0.140809469520924
-0.129205064211851
-0.117882136071625
-0.106857192499035
-0.0961464037245422
-0.0857655363321051
-0.0757298692709463
-0.0660540910944226
-0.0567521770801612
-0.0478372448372520
-0.0393213870233780
-0.0312154799177777
-0.0235289668766407
-0.0162696161998107
-0.00944325373674719
-0.00305347173859721
0.00289868289505610
0.00841503565274526
0.0135006186704829
0.0181640008824409
0.0224175990629417
0.0262779509699694
0.0297659283364453
0.0329068649402908
0.0357305741766096
0.0382712322474255
0.0405671079315759
0.0426601281979498
0.0445952804025613
0.0464198654746470
0.0481826306744542
0.0499328230779485
0.0517192137848628
0.0535891463382629
0.0555876603093408
0.0577567328969179
0.0601346691837117
0.0627556574650977
0.0656494920045872
0.0688414534856775
0.0723523284686916
0.0761985437322279
0.0803923892645100
0.0849423042416417
0.0898532027793836
0.0951268197734346
0.100762061079545
0.106755346138424
0.113100934611845
0.119791231508952
0.126817067601702
0.134167953685062
0.141832308501003
0.149797661001928
0.158050828166430
0.166578069877625
0.175365222499105
0.184397812790282
0.193661153733390
0.203140423730380
0.212820730492026
0.222687160799983
0.232724817186266
0.242918842451228
0.253254432835436
0.263716840576387
0.274291366519989
0.284963343421144
0.295718110559019
0.306540980312316
0.317417197389131
0.328331891486033
0.339270024262186
0.350216331656329
0.361155262745362
0.372070916539453
0.382946978323585
0.393766657379660
0.404512628143523
0.415166977050127
0.425711157476655
0.436125955283464
0.446391467450504
0.456487096187274
0.466391560635799
0.476082927874417
0.485538664362026
0.494735708249188
0.503650562151794
0.512259405079675
0.520538221296087
0.528462943023820
0.536009603181999
0.543154493800849
0.549874325471358
0.556146383172622
0.561948674084882
0.567260063516730
0.572060395802909
0.576330597899105
0.580052764338393
0.583210223147152
0.585787583181678
0.587770764090435
0.589147010698554
0.589904894036697
0.590034301497593
0.589526418715043
0.588373705744914
0.586569870012709
0.584109838305691
0.580989729854683
0.577206832293440
0.572759582018351
0.567647550209751
0.561871435524587
0.555433064230505
0.548335398321784
0.540582551933201
0.532179816142032
0.523133692012964
0.513451931487476
0.503143585440497
0.492219057916992
0.480690165216610
0.468570198116663
0.455873985119500
0.442617954193137
0.428820190065460
0.414500483762069
0.399680370783498
0.384383154142796
0.368633908475725
0.352459461637392
0.335888350646553
0.318950749551738
0.301678367768152
0.284104318638821
0.266262959344239
0.248189704729534
0.229920819022782
0.211493190658910
0.192944096382954
0.174310961388629
0.155631122394147
0.136941600252880
0.118278887975161
0.0996787589744977
0.0811760990521951
0.0628047642196366
0.0445974650466315
0.0265856769220412
0.00879957449895421
-0.00873201227896107
-0.0259816237902985
-0.0429231815721951
-0.0595319881001646
-0.0757847191771140
-0.0916594123957039
-0.107135454833113
-0.122193572767730
-0.136815825805661
-0.150985607395417
-0.164687653307527
-0.177908059270059
-0.190634308581865
-0.202855310167973
-0.214561447186026
-0.225744635926263
-0.236398394355087
-0.246517919218805
-0.256100170135917
-0.265143958553930
-0.273650038827381
-0.281621197995057
-0.289062340117471
-0.295980560318819
-0.302385203018548
-0.308287898314002
-0.313702570182308
-0.318645410211657
-0.323134811052766
-0.327191254784620
-0.330837152959358
-0.334096637214245
-0.336995301922804
-0.339559903229652
-0.341818021728702
-0.343797698709417
-0.345527058011155
-0.347033926832917
-0.348345469173747
-0.349487844875788
-0.350485905586334
-0.351362936542328
-0.352140450187474
-0.352838034569626
-0.353473256530448
-0.354061617132653
-0.354616554735131
-0.355149489700194
-0.355669903898935
-0.356185447909202
-0.356702068976714
-0.357224153317390
-0.357754677062766
-0.358295360988167
-0.358846825031834
-0.359408739451328
-0.359979970230025
-0.360558717018213
-0.361142642460307
-0.361728992222466
-0.362314705400080
-0.362896515262814
-0.363471040498343
-0.364034867257082
-0.364584622390782
-0.365117038328413
-0.365629010052325
-0.366117644633753
-0.366580303765481
-0.367014639695747
-0.367418624924872
-0.367790575977643
-0.368129171511990
-0.368433464969677
-0.368702891918443
-0.368937272178066
-0.369136806765630
-0.369302069638261
-0.369433994154984
-0.369533854123672
-0.369603239244656
-0.369644024710320
-0.369658334670909
-0.369648499232387
-0.369617004614582
-0.369566436069868
-0.369499413147915
-0.369418516895352
-0.369326208606355
-0.369224739798399
-0.369116053185163
-0.369001674565522
-0.368882595754386
-0.368759148958860
-0.368630873362285
-0.368496375127742
-0.368353182576209
-0.368197598930935
-0.368024555737497
-0.367827470844299
-0.367598115620859
-0.367326496842585
-0.367000759303517
-0.366607115638846
-0.366129809942958
-0.365551121453443
-0.364851413750988
-0.364009233549038
-0.363001461220554
-0.361803512807200
-0.360389590530874
-0.358732976000406
-0.356806357647011
-0.354582181712682
-0.352033014606641
-0.349131903813422
-0.345852724854159
-0.342170503024267
-0.338061700601204
-0.333504462700157
-0.328478817678956
-0.322966830685808
-0.316952711375710
-0.310422878830280
-0.303365988212701
-0.295772924656483
-0.287636770362244
-0.278952750936940
-0.269718166750186
-0.259932314600572
-0.249596404370545
-0.238713474675192
-0.227288310833132
-0.215327367843592
-0.202838700462806
-0.189831901942492
-0.176318052520388
-0.162309678328063
-0.147820720990732
-0.132866517822064
-0.117463792148696
-0.101630652920826
-0.0853866023669043
-0.0687525500269262
-0.0517508310515218
-0.0344052261920103
-0.0167409804480986
0.00121518308716345
0.0194350580035590
0.0378889620323619
0.0565457613253683
0.0753729155504144
0.0943365473937410
0.113401539358721
0.132531659746696
0.151689718422251
0.170837751461437
0.189937232152755
0.208949304192924
0.227835031436444
0.246555657364219
0.265072866656917
0.283349040979735
0.301347501340705
0.319032730150036
0.336370567303786
0.353328376119428
0.369875176617483
0.385981745322870
0.401620682318146
0.416766447614367
0.431395369947381
0.445485631830133
0.459017235101115
0.471971951337887
0.484333261401751
0.496086288101862
0.507217725571104
0.517715768482981
0.527570043750894
0.536771546870386
0.545312584612732
0.553186725366962
0.560388758061433
0.566914660273607
0.572761575851794
0.577927802115942
0.582412786465668
0.586217131991248
0.589342611446891
0.591792188696163
0.593570046470790
0.594681618993290
0.595133627703229
0.594934118003913
0.594092494625512
0.592619552903349
0.590527503024789
0.587829984138976
0.584542065188280
0.580680229446116
0.576262340065061
0.571307584472879
0.565836396206185
0.559870353723305
0.553432056845723
0.546544982672346
0.539233324003644
0.531521814402657
0.523435544906726
0.514999778001203
0.506239764714374
0.497180570566708
0.487846915621787
0.478263033091711
0.468452549926037
0.458438391656844
0.448242712583340
0.437886851249102
0.427391310167112
0.416775757932441
0.406059051255402
0.395259274052241
0.384393790530970
0.373479309179217
0.362531954664567
0.351567344859343
0.340600670466606
0.329646775021779
0.318720233350084
0.307835426854783
0.297006614281781
0.286247996843795
0.275573776787405
0.264998208646954
0.254535642550738
0.244200559028517
0.234007594817147
0.223971559175120
0.214107440198948
0.204430400586231
0.194955762212921
0.185698978786627
0.176675595704284
0.167901196081947
0.159391331738363
0.151161437705203
0.143226728610889
0.135602075051247
0.128301857833944
0.121339797788407
0.114728758703286
0.108480520938899
0.102605523429893
0.0971125722323678
0.0920085145914506
0.0872978788422825
0.0829824824550708
0.0790610133342851
0.0755285931890344
0.0723763364292232
0.0695909234866849
0.0671542133669829
0.0650429259699309
0.0632284293130151
0.0616766690033593
0.0603482757520048
0.0591988801957167
0.0581796521478447
0.0572380640057693
0.0563188570500177
0.0553651676765649
0.0543197518756468
0.0531262340877681
0.0517303034376924
0.0500807869484400
0.0481305443027627
0.0458371490536802
0.0431633431409875
0.0400772716371956
0.0365525203086740
0.0325679886464335
0.0281076355436069
0.0231601346948956
0.0177184734145051
0.0117795233005319
0.00534360519079177
-0.00158593499032069
-0.00900312807940281
-0.0168997540776048
-0.0252656812869668
-0.0340891707806987
-0.0433571464741413
-0.0530554321222148
-0.0631689571686805
-0.0736819336409317
-0.0845780063262725
-0.0958403783633746
-0.107451914196838
-0.119395221617603
-0.131652714378360
-0.144206656652385
-0.157039190411074
-0.170132346639882
-0.183468041202037
-0.197028056100235
-0.210794006884067
-0.224747297010493
-0.238869060091367
-0.253140091160626
-0.267540768367616
-0.282050966853163
-0.296649966988314
-0.311316359642784
-0.326027951683555
-0.340761675455292
-0.355493506522666
-0.370198394406288
-0.384850211352941
-0.399421724272771
-0.413884594775201
-0.428209411674471
-0.442365759369072
-0.456322324116902
-0.470047038467625
-0.483507262069149
-0.496669994885198
-0.509502116738563
-0.521970645244735
-0.534043002829926
-0.545687282801617
-0.556872504453549
-0.567568847947463
-0.577747861136513
-0.587382632419291
-0.596447925928258
-0.604920277635845
-0.612778053097301
-0.620001469376922
-0.626572585118084
-0.632475263673655
-0.637695114723247
-0.642219419919955
-0.646037047909951
-0.649138363641793
-0.651515136314714
-0.653160449681850
-0.654068617785452
-0.654235108600038
-0.653656477523618
-0.652330312200474
-0.650255189784338
-0.647430647452696
-0.643857166750232
-0.639536172156674
-0.634470044123644
-0.628662146686991
-0.622116869614796
-0.614839684875698
-0.606837216986391
-0.598117326500982
-0.588689205520485
-0.578563483614378
-0.567752341950711
-0.556269632729816
-0.544131000226039
-0.531353998896908
-0.517958203175855
-0.503965302801828
-0.489399176957584
-0.474285940203992
-0.458653953330964
-0.442533792903991
-0.425958174541808
-0.408961826830979
-0.391581315205557
-0.373854817945612
-0.355821859445699
-0.337523008780902
-0.318999554040072
-0.300293164616211
-0.281445554432634
-0.262498158844931
-0.243491836729437
-0.224466607209442
-0.205461427834676
-0.186514018119439
-0.167660729459795
-0.148936459846291
-0.130374609648564
-0.112007073171682
-0.0938642596914882
-0.0759751372243280
-0.0583672922892876
-0.0410669992705305
-0.0240992935717855
-0.00748804347205365
0.00874398364443026
0.0245750642654069
0.0399844738345811
0.0549524562512422
0.0694602096070711
0.0834898895984943
0.0970246317654783
0.110048593500552
0.122547016624024
0.134506311206492
0.145914161206110
0.156759652338119
0.167033422363530
0.176727833621490
0.185837167078049
0.194357836360787
0.202288619132542
0.209630901675608
0.216388930679678
0.222570063962142
0.228185009271563
0.233248037595722
0.237777154786508
0.241794213216192
0.245324944089107
0.248398891499740
0.251049231864030
0.253312467296317
0.255227988882518
0.256837515191650
0.258184421865474
0.259312988410134
0.260267596864317
0.261091922430055
0.261828157466563
0.262516307199824
0.263193588594220
0.263893954211655
0.264647752051987
0.265481521845444
0.266417919289915
0.267475753067289
0.268670115405227
0.270012585320154
0.271511484045646
0.273172163948973
0.274997314894607
0.276987275035036
0.279140336024413
0.281453035413846
0.283920431362903
0.286536356739755
0.289293651189507
0.292184370868758
0.295199976332912
0.298331499584264
0.301569691603146
0.304905151843741
0.308328441224274
0.311830180112642
0.315401132729877
0.319032279284860
0.322714877028520
0.326440511284244
0.330201137379860
0.333989114279275
0.337797230591122
0.341618723518468
0.345447291208152
0.349277098860423
0.353102778868675
0.356919425174677
0.360722581946269
0.364508226611481
0.368272747215428
0.372012914004085
0.375725845082809
0.379408965948158
0.383059962650790
0.386676728317288
0.390257302742615
0.393799804766655
0.397302357172735
0.400763003899176
0.404179619443791
0.407549810473541
0.410870809835819
0.414139363412359
0.417351610569237
0.420502959342433
0.423587957959906
0.426600164834434
0.429532019754895
0.432374719635012
0.435118102813047
0.437750546484563
0.440258882330186
0.442628335696960
0.444842493724784
0.446883307501058
0.448731132614375
0.450364811328546
0.451761798021148
0.452898327589577
0.453749624343327
0.454290146646637
0.454493860458192
0.454334533150190
0.453786037770035
0.452822657371649
0.451419379249012
0.449552169822871
0.447198222450157
0.444336172369520
0.440946275156706
0.437010547230540
0.432512868941475
0.427439052454582
0.421776877927828
0.415516102359664
0.408648445957659
0.401167561015097
0.393068988145654
0.384350104393614
0.375010067279883
0.365049758323085
0.354471729036855
0.343280151881128
0.331480778155147
0.319080904369825
0.306089348224585
0.292516434929679
0.278373994245442
0.263675368239092
0.248435429370692
0.232670608097812
0.216398928721223
0.199640051675360
0.182415319898382
0.164747806308982
0.146662358793965
0.128185638509795
0.109346146774731
0.0901742354411691
0.0707020954652518
0.0509637185100429
0.0309948268994100
0.0108327681318466
-0.00948362851783787
-0.0299142340668182
-0.0504178392963014
-0.0709524081673813
-0.0914753595426668
-0.111943869623256
-0.132315185990757
-0.152546943228816
-0.172597469896994
-0.192426077168608
-0.211993320662813
-0.231261228762304
-0.250193492819773
-0.268755616903778
-0.286915026910863
-0.304641140803148
-0.321905403297700
-0.338681289472285
-0.354944282451512
-0.370671830631922
-0.385843289857467
-0.400439855646878
-0.414444490083045
-0.427841847377007
-0.440618201478255
-0.452761378466973
-0.464260695865275
-0.475106910462673
-0.485292175773247
-0.494810009826759
-0.503655273635022
-0.511824160355772
-0.519314194884024
-0.526124243319847
-0.532254531476518
-0.537706671291196
-0.542483693672059
-0.546590085956665
-0.550031831768176
-0.552816450648943
-0.554953034444545
-0.556452277035380
-0.557326493707648
-0.557589626269711
-0.557257230007348
-0.556346438785830
-0.554875905092996
-0.552865712603241
-0.550337259927803
-0.547313115567721
-0.543816845629169
-0.539872817486825
-0.535505984152062
-0.530741655469319
-0.525605263284679
-0.520122128293388
-0.514317236313244
-0.508215031242579
-0.501839230998058
-0.495212671392988
-0.488357181348873
-0.481293491182325
-0.474041174118745
-0.466618619771187
-0.459043037169927
-0.451330484078888
-0.443495918796378
-0.435553270387458
-0.427515523291314
-0.419394812436111
-0.411202525320110
-0.402949407928866
-0.394645671809004
-0.386301100073502
-0.377925150545349
-0.369527054638312
-0.361115910915482
-0.352700772553962
-0.344290728177685
-0.335894975702874
-0.327522888976557
-0.319184077083381
-0.310888436254983
-0.302646194344673
-0.294467947832449
-0.286364691305225
-0.278347839317195
-0.270429240477488
-0.262621183537616
-0.254936395159755
-0.247388028938167
-0.239989645118561
-0.232755180312315
-0.225698906331827
-0.218835377077732
-0.212179362186357
-0.205745765895526
-0.199549529309604
-0.193605513944259
-0.187928364116520
-0.182532345432167
-0.177431156336348
-0.172637709475085
-0.168163879524212
-0.164020214262076
-0.160215606105706
-0.156756922242489
-0.153648593047372
-0.150892160878430
-0.148485794790669
-0.146423781357122
-0.144696007687967
-0.143287459743278
-0.142177766684575
-0.141340829433410
-0.140744577466521
-0.140350900439294
-0.140115798596168
-0.139989786495734
-0.139918567656630
-0.139843974143836
-0.139705137548450
-0.139439830606446
-0.138985896981184
-0.138282675059076
-0.137272322578981
-0.135900962325259
-0.134119592006036
-0.131884729061433
-0.129158788381300
-0.125910213595525
-0.122113398315361
-0.117748441896652
-0.112800785869098
-0.107260773851241
-0.101123171477088
-0.0943866753018237
-0.0870534320988022
-0.0791285832017817
-0.0706198429737278
-0.0615371161909369
-0.0518921560311005
-0.0416982622660867
-0.0309700179748126
-0.0197230624067337
-0.00797389736728253
0.00426027547831774
0.0169616887856134
0.0301121173021703
0.0436929610010942
0.0576853050155609
0.0720699575102382
0.0868274663727802
0.101938115421572
0.117381900717991
0.133138487555585
0.149187148788232
0.165506685368919
0.182075330314779
0.198870637805753
0.215869359773000
0.233047313140334
0.250379241835911
0.267838678761084
0.285397814032057
0.303027376909459
0.320696539778439
0.338372853182405
0.356022221069843
0.373608924905769
0.391095703974836
0.408443896974581
0.425613646881711
0.442564167224551
0.459254063610487
0.475641700066810
0.491685595961090
0.507344836472599
0.522579478190230
0.537350931634294
0.551622304327745
0.565358691233192
0.578527403498428
0.591098130989709
0.603043038512324
0.614336799481080
0.624956573809909
0.634881938801747
0.644094782846912
0.652579171901633
0.660321198206343
0.667308819727403
0.673531697567791
0.678981037262163
0.683649438578459
0.687530757278506
0.690619981293132
0.692913122962617
0.694407128378924
0.695099804425865
0.694989763822985
0.694076388310237
0.692359810033947
0.689840911180976
0.686521341928404
0.682403556802412
0.677490869543513
0.671787526526813
0.665298798654769
0.658031091394429
0.649992072239338
0.641190814308114
0.631637954022737
0.621345859826336
0.610328807708049
0.598603157933997
0.586187525908599
0.573102938624377
0.559372966865367
0.545023822418350
0.530084409255361
0.514586318217320
0.498563756343750
0.482053404751476
0.465094202811002
0.447727061065775
0.429994510464412
0.411940300463746
0.393608962785388
0.375045360496619
0.356294243230002
0.337399828598759
0.318405427333663
0.299353125742287
0.280283534322991
0.261235606362781
0.242246525668114
0.223351658646196
0.204584563022753
0.185977043627872
0.167559244838012
0.149359769265891
0.131405812929001
0.113723308182807
0.0963370669792736
0.0792709183455857
0.0625478352551727
0.0461900472070130
0.0302191357971244
0.0146561113411507
-0.000478530810315719
-0.0151647752199917
-0.0293830732932952
-0.0431143528110663
-0.0563400507154054
-0.0690421699284352
-0.0812033611950489
-0.0928070312097168
-0.103837478585891
-0.114280059517891
-0.124121385220228
-0.133349553341460
-0.141954415449316
-0.149927882253970
-0.157264267329914
-0.163960668538987
-0.170017383956198
-0.175438355672317
-0.180231630261630
-0.184409818948968
-0.187990533788872
-0.190996768999708
-0.193457189902342
-0.195406287058762
-0.196884351896842
-0.197937234120146
-0.198615851913952
-0.198975443751403
-0.199074574314710
-0.198973933739437
-0.198734994676913
-0.198418610652112
-0.198083647800309
-0.197785738312242
-0.197576228568949
-0.197501371279608
-0.197601783703210
-0.197912168086112
-0.198461269525786
-0.199272032574582
-0.200361911269887
-0.201743286855398
-0.203423951496636
-0.205407622930022
-0.207694462619893
-0.210281577471016
-0.213163491748633
-0.216332581265264
-0.219779466043406
-0.223493360658759
-0.227462383492536
-0.231673827378814
-0.236114394818020
-0.240770401206629
-0.245627949539166
-0.250673079872668
-0.255891896579342
-0.261270676101269
-0.266795957595439
-0.272454618539444
-0.278233937069980
-0.284121642554008
-0.290105955648016
-0.296175618883829
-0.302319918627829
-0.308528699091593
-0.314792368922852
-0.321101900773366
-0.327448824122210
-0.333825211526718
-0.340223658377291
-0.346637256145033
-0.353059559032375
-0.359484543866361
-0.365906563013198
-0.372320290042715
-0.378720657835372
-0.385102788806447
-0.391461916927233
-0.397793301258133
-0.404092130781595
-0.410353420443232
-0.416571898487825
-0.422741885424269
-0.428857165280781
-0.434910850227963
-0.440895240158260
-0.446801679415490
-0.452620413557831
-0.458340449789707
-0.463949425474330
-0.469433489882452
-0.474777204968357
-0.479963471397873
-0.484973486181068
-0.489786737980126
-0.494381045382489
-0.498732642098164
-0.502816311161087
-0.506605567862187
-0.510072888469556
-0.513189979023671
-0.515928075906612
-0.518258267758932
-0.520151826907777
-0.521580537948860
-0.522517011556718
-0.522934972924174
-0.522809516283844
-0.522117319493490
-0.520836815389118
-0.518948319251489
-0.516434114067906
-0.513278497148244
-0.509467792997504
-0.504990338154332
-0.499836444028947
-0.493998343703382
-0.487470128295574
-0.480247677939507
-0.472328591787026
-0.463712120765281
-0.454399106178699
-0.444391926657806
-0.433694455444061
-0.422312029560800
-0.410251432045930
-0.397520888094585
-0.384130075657086
-0.370090150733210
-0.355413787270670
-0.340115231186335
-0.324210367557740
-0.307716799458644
-0.290653936222064
-0.273043088104625
-0.254907563410533
-0.236272763145600
-0.217166267270713
-0.197617905696756
-0.177659806423888
-0.157326412813936
-0.136654462042214
-0.115682917441375
-0.0944528488265721
-0.0730072570147327
-0.0513908415660532
-0.0296497141190626
-0.00783106329014072
0.0140172193917267
0.0358469400379591
0.0576100148213295
0.0792588786452134
0.100746874720825
0.122028611235924
0.143060273867770
0.163799886183047
0.184207513587670
0.204245410050615
0.223878109998415
0.243072470328814
0.261797669303984
0.280025170141811
0.297728657497486
0.314883954840429
0.331468930131219
0.347463396337964
0.362849012332990
0.377609188684048
0.391729001875744
0.405195119614538
0.417995739108580
0.430120539576884
0.441560649721741
0.452308630475220
0.462358472980320
0.471705611461635
0.480346950349992
0.488280904721389
0.495507452765751
0.502028198592416
0.507846443189613
0.512967260776262
0.517397577120156
0.521146245667251
0.524224116572560
0.526644093007255
0.528421168525734
0.529572438917915
0.530117081965781
0.530076298987014
0.529473213078680
0.528332720620272
0.526681294838350
0.524546742967289
0.521957921562466
0.518944417554352
0.515536205348209
0.511763292350151
0.507655366469449
0.503241459249711
0.498549637297727
0.493606732731352
0.488438120700174
0.483067548962526
0.477517021366144
0.471806734180272
0.465955061794158
0.459978586468340
0.453892165645875
0.447709029767683
0.441440903501095
0.435098143665480
0.428689887796848
0.422224208117115
0.415708266563862
0.409148467417258
0.402550604879498
0.395920003686814
0.389261651449551
0.382580321919132
0.375880688777367
0.369167429844108
0.362445321816523
0.355719325800857
0.348994663988422
0.342276887873293
0.335571938419876
0.328886198572345
0.322226538461537
0.315600353613209
0.309015596398241
0.302480800892777
0.296005101235733
0.289598243482958
0.283270590861144
0.277033122219167
0.270897423357903
0.264875670789367
0.258980607328852
0.253225508756230
0.247624140590383
0.242190703799761
0.236939768017868
0.231886190541670
0.227045019060988
0.222431375698493
0.218060319537600
0.213946684391175
0.210104888139882
0.206548709582844
0.203291028454272
0.200343524155852
0.197716328960935
0.195417632132455
0.193453232779950
0.191826041625246
0.190535535440925
0.189577173045076
0.188941788563044
0.188614986176625
0.188576570384635
0.188800055973614
0.189252310857568
0.189893390442539
0.190676621536460
0.191548984535982
0.192451823177340
0.193321882026368
0.194092636259694
0.194695841895703
0.195063204675992
0.195128048964188
0.194826868333656
0.194100656895023
0.192895950739056
0.191165545373548
0.188868890486542
0.185972192072902
0.182448270853165
0.178276234621017
0.173441022288775
0.167932871555078
0.161746752995855
0.154881803219686
0.147340780084441
0.139129554721038
0.130256648596851
0.120732819064225
0.110570693569653
0.0997844506556892
0.0883895447731096
0.0764024714696167
0.0638405695165559
0.0507218568096469
0.0370648973111233
0.0228886968023705
0.00821262572872290
-0.00694363209883922
-0.0225601057547461
-0.0386165388652179
-0.0550923669022420
-0.0719666701825808
-0.0892181026511417
-0.106824796691823
-0.124764244563787
-0.143013157638920
-0.161547305448462
-0.180341337658884
-0.199368593500030
-0.218600904846987
-0.238008401055697
-0.257559325659393
-0.277219876968157
-0.296954086221140
-0.316723747896065
-0.336488416718887
-0.356205484485763
-0.375830346747936
-0.395316664637616
-0.414616720816203
-0.433681861207358
-0.452463006636215
-0.470911211728816
-0.488978243448348
-0.506617149276624
-0.523782785719772
-0.540432281454305
-0.556525415470038
-0.572024898085552
-0.586896550632957
-0.601109386924955
-0.614635605566954
-0.627450506335051
-0.639532346119285
-0.650862150514308
-0.661423496380413
-0.671202279019132
-0.680186475417749
-0.688365912658744
-0.695732048316799
-0.702277767640865
-0.707997200627498
-0.712885560760749
-0.716939006209872
-0.720154523601690
-0.722529834071476
-0.724063321093599
-0.724753979552449
-0.724601385591492
-0.723605686935080
-0.721767613579815
-0.719088508968579
-0.715570381960619
-0.711215980064153
-0.706028884469590
-0.700013627373118
-0.693175831868158
-0.685522374257479
-0.677061567950659
-0.667803367111738
-0.657759586873322
-0.646944135222758
-0.635373249620208
-0.623065729114163
-0.610043150341907
-0.596330053597085
-0.581954083460871
-0.566946067742494
-0.551340019089622
-0.535173045972779
-0.518485164011499
-0.501319004707871
-0.483719426152771
-0.465733038390151
-0.447407663826462
-0.428791759239621
-0.409933829613782
-0.390881864616052
-0.371682825966612
-0.352382208689125
-0.333023692128901
-0.313648888762332
-0.294297191238439
-0.275005711625305
-0.255809301995024
-0.236740642449143
-0.217830381360067
-0.199107312691468
-0.180598576382018
-0.162329869544095
-0.144325658302982
-0.126609382218901
-0.109203645212138
-0.0921303886421063
-0.0754110436243039
-0.0590666607956454
-0.0431180165754751
-0.0275856955470306
-0.0124901489373011
0.00214827066390313
0.0163092982026076
0.0299727686684663
0.0431186534561473
0.0557271211831629
0.0677786240206943
0.0792540111336447
0.0901346714399304
0.100402708567844
0.110041151582063
0.119034205710328
0.127367547849483
0.135028671933487
0.142007289121511
0.148295786955429
0.153889749808629
0.158788539695587
0.162995931387490
0.166520788371940
0.169377756265581
0.171587937981426
0.173179501067059
0.174188153899550
0.174657416680268
0.174638609213484
0.174190484402922
0.173378457498308
0.172273417102396
0.170950151589640
0.169485476288052
0.167956191829394
0.166437031660669
0.164998759596695
0.163706555565252
0.162618785150357
0.161786196510383
0.161251537972307
0.161049549833764
0.161207259070151
0.161744495862563
0.162674553238269
0.164004921441396
0.165738042815731
0.167872047780236
0.170401445864764
0.173317756739177
0.176610074459219
0.180265563969628
0.184269892669147
0.188607602030290
0.193262425321669
0.198217557770239
0.203455885308140
0.208960177579545
0.214713250278507
0.220698101241612
0.226898024085763
0.233296702593456
0.239878288520413
0.246627465038067
0.253529497624339
0.260570273875026
0.267736333418149
0.275014888867103
0.282393838538335
0.289861771478679
0.297407965190610
0.305022376305278
0.312695624329257
0.320418968477994
0.328184277504660
0.335983992335953
0.343811081235907
0.351658987135419
0.359521566690930
0.367393020573609
0.375267814445458
0.383140590057773
0.391006065919422
0.398858927038883
0.406693703359071
0.414504636694110
0.422285536261129
0.430029623297397
0.437729365782721
0.445376304964445
0.452960876215635
0.460472227741389
0.467898041760017
0.475224363975281
0.482435448341350
0.489513625185813
0.496439201545828
0.503190402910056
0.509743365259149
0.516072185196901
0.522149033959033
0.527944338173138
0.533427026550238
0.538564837491870
0.543324678304528
0.547673022817382
0.551576331196798
0.555001474053635
0.557916142789005
0.560289229542396
0.562091162888200
0.563294189185025
0.563872593725350
0.563802860058795
0.563063769640950
0.561636446990102
0.559504357665407
0.556653267600754
0.553071172735759
0.548748207642286
0.543676541142041
0.537850265932747
0.531265288145923
0.523919221670449
0.515811291076581
0.506942246113733
0.497314290052251
0.486931023593295
0.475797405664983
0.463919732130488
0.451305633221490
0.437964090340991
0.423905472712871
0.409141594149676
0.393685789921490
0.377553013293507
0.360759950715658
0.343325153856730
0.325269185650019
0.306614776247441
0.287386983280833
0.267613349157954
0.247324046380931
0.226552000228882
0.205332976815655
0.183705623788593
0.161711451067845
0.139394740309060
0.116802374393178
0.0939835822439554
0.0709895994767192
0.0478732513849956
0.0246884709532803
0.00148977018495806
-0.0216683127150630
-0.0447317654910627
-0.0676476285658412
-0.0903644739758438
-0.112832818484976
-0.135005458523437
-0.156837720823805
-0.178287628642839
-0.199315988643305
-0.219886407464191
-0.239965249567441
-0.259521549161560
-0.278526889063841
-0.296955258551551
-0.314782900866405
-0.331988159349256
-0.348551329415474
-0.364454521897469
-0.379681541781792
-0.394217785106963
-0.408050155778644
-0.421167003288205
-0.433558081758622
-0.445214530347737
-0.456128874767753
-0.466295049484044
-0.475708439988249
-0.484365944352908
-0.492266053021232
-0.499408945421712
-0.505796601482135
-0.511432925417522
-0.516323878259430
-0.520477614477521
-0.523904616744170
-0.526617821473933
-0.528632726345223
-0.529967469748679
-0.530642871224653
-0.530682421707197
-0.530112213046163
-0.528960798053763
-0.527258975336629
-0.525039497386807
-0.522336705565842
-0.519186101260068
-0.515623867973050
-0.511686363733416
-0.507409606266443
-0.502828774430484
-0.497977748277876
-0.492888706927863
-0.487591798703886
-0.482114892357822
-0.476483412409641
-0.470720256329638
-0.464845786966081
-0.458877890539482
-0.452832088738468
-0.446721692844565
-0.440557988159700
-0.434350438040130
-0.428106898287010
-0.421833834276498
-0.415536534853531
-0.409219318540789
-0.402885728955565
-0.396538717449428
-0.390180811884755
-0.383814271153029
-0.377441225547142
-0.371063803453046
-0.364684245054490
-0.358305003875320
-0.351928837040756
-0.345558885141760
-0.339198742551068
-0.332852518977831
-0.326524892969412
-0.320221157980377
-0.313947261534609
-0.307709837909795
-0.301516234675681
-0.295374533319075
-0.289293564089129
-0.283282915094703
-0.277352935579895
-0.271514733191440
-0.265780164929521
-0.260161821337757
-0.254673003334070
-0.249327690906437
-0.244140502690017
-0.239126645197871
-0.234301850188836
-0.229682298315248
-0.225284526792413
-0.221125318364758
-0.217221568307064
-0.213590125595322
-0.210247603722524
-0.207210155947084
-0.204493209096401
-0.202111149489951
-0.200076954228152
-0.198401761211595
-0.197094372086521
-0.196160684223966
-0.195603051287482
-0.195419577441471
-0.195603358292126
-0.196141692559972
-0.197015302176458
-0.198197614177123
-0.199654173576009
-0.201342269220627
-0.203210860151879
-0.205200883461637
-0.207246002197545
-0.209273812459080
-0.211207475946334
-0.212967686450227
-0.214474828338339
-0.215651154362120
-0.216422807262003
-0.216721535490590
-0.216486001016707
-0.215662634680982
-0.214206049266454
-0.212079062761183
-0.209252409726055
-0.205704227595829
-0.201419400718342
-0.196388832807657
-0.190608702781438
-0.184079743066478
-0.176806565455977
-0.168797048419647
-0.160061791545105
-0.150613637214970
-0.140467256192630
-0.129638791963948
-0.118145557983480
-0.106005782015214
-0.0932383922490058
-0.0798628406085723
-0.0658989595061435
-0.0513668491538071
-0.0362867933580231
-0.0206792024705828
-0.00456458282861415
0.0120364674232214
0.0291032357837448
0.0466148454459313
0.0645501770870386
0.0828877615224724
0.101605642542833
0.120681209710243
0.140091001668929
0.159810481692460
0.179813788809084
0.200073469962925
0.220560201288702
0.241242509639964
0.262086508853426
0.283055668559510
0.304110636212607
0.325209134817812
0.346305958882054
0.367353088738104
0.388299938082172
0.409093741212625
0.429680075504117
0.450003502191208
0.470008296231572
0.489639225829236
0.508842335948130
0.527565689061896
0.545760020750362
0.563379276810108
0.580381010697479
0.596726633341627
0.612381519690051
0.627314986281887
0.641500160866953
0.654913768468801
0.667535858730504
0.679349497598233
0.690340443200811
0.700496821918120
0.709808816683462
0.718268375933665
0.725868948531379
0.732605247525082
0.738473043777756
0.743468989222657
0.747590468705138
0.750835478948261
0.753202533048229
0.754690588986936
0.755299000880784
0.755027492017948
0.753876149132200
0.751845437789444
0.748936239197287
0.745149909163004
0.740488360293699
0.734954168820804
0.728550707596866
0.721282306801444
0.713154443636988
0.704173961713321
0.694349319819172
0.683690868267779
0.672211148900906
0.659925212099470
0.646850940808048
0.633009367775372
0.618424968237592
0.603125906602902
0.587144212996170
0.570515864583179
0.553280748220871
0.535482485799867
0.517168111877722
0.498387604446950
0.479193282819960
0.459639099884330
0.439779867288256
0.419670459487892
0.399365044683193
0.378916387132780
0.358375256896145
0.337789971293730
0.317206079326184
0.296666187917146
0.276209918644896
0.255873976450036
0.235692307827418
0.215696324891621
0.195915172801508
0.176376020594491
0.157104358819896
0.138124290915645
0.119458808652713
0.101130044943786
0.0831594997684806
0.0655682368887531
0.0483770504512492
0.0316066015625198
0.0152775255516872
-0.000589489026756047
-0.0159736484894243
-0.0308540281337827
-0.0452095714974622
-0.0590191142507330
-0.0722614326654000
-0.0849153171708659
-0.0969596721842051
-0.108373644188826
-0.119136780936916
-0.129229225658249
-0.138631951250844
-0.147327040560048
-0.155298019933220
-0.162530254116827
-0.169011411004159
-0.174732004391507
-0.179686021263184
-0.183871636550893
-0.187292012019187
-0.189956166094987
-0.191879887427051
-0.193086646589257
-0.193608438515874
-0.193486465486538
-0.192771551353012
-0.191524168824610
-0.189813970566384
-0.187718747795615
-0.185322798502967
-0.182714765236925
-0.179985085028110
-0.177223261568241
-0.174515203447200
-0.171940861930156
-0.169572350254217
-0.167472648402624
-0.165694913198245
-0.164282341922587
-0.163268489811267
-0.162677920298251
-0.162527067641491
-0.162825207125837
-0.163575450767682
-0.164775710356360
-0.166419591023719
-0.168497195604661
-0.170995832520498
-0.173900628271572
-0.177195050692079
-0.180861351769573
-0.184880939828969
-0.189234690829928
-0.193903207868838
-0.198867037015738
-0.204106846548825
-0.209603575593522
-0.215338557194890
-0.221293619982461
-0.227451171834326
-0.233794268309232
-0.240306668081524
-0.246972877170789
-0.253778183392510
-0.260708682154458
-0.267751294474073
-0.274893777883841
-0.282124730715695
-0.289433590103715
-0.296810623910450
-0.304246916660506
-0.311734349451165
-0.319265573700124
-0.326833978482150
-0.334433651097598
-0.342059330405153
-0.349706352338664
-0.357370586914531
-0.365048365924153
-0.372736400399748
-0.380431686847896
-0.388131401173042
-0.395832779175939
-0.403532982527357
-0.411228949207749
-0.418917227597397
-0.426593793732534
-0.434253851749765
-0.441891618264864
-0.449500092412308
-0.457070814539806
-0.464593618120218
-0.472056381292444
-0.479444786506285
-0.486742098892763
-0.493928976002990
-0.500983323166451
-0.507880209557682
-0.514591859742523
-0.521087733649982
-0.527334704354387
-0.533297337745822
-0.538938271404445
-0.544218682394413
-0.549098826153764
-0.553538622220339
-0.557498258185590
-0.560938781716047
-0.563822651987153
-0.566114226183288
-0.567780163125948
-0.568789733610315
-0.569115034607174
-0.568731111214645
-0.567615995499697
-0.565750674865747
-0.563119004339346
-0.559707577429329
-0.555505569342864
-0.550504564743191
-0.544698380267103
-0.538082889977411
-0.530655860012276
-0.522416797034528
-0.513366813738823
-0.503508513652838
-0.492845896748648
-0.481384286920611
-0.469130282135873
-0.456091727968303
-0.442277715230984
-0.427698602470614
-0.412366064122946
-0.396293165093038
-0.379494462355101
-0.361986133797490
-0.343786133898585
-0.324914374838728
-0.305392930269043
-0.285246257126197
-0.264501428596202
-0.243188368643481
-0.221340075572847
-0.198992819131566
-0.176186293060649
-0.152963703260797
-0.129371771416486
-0.105460635579943
-0.0812836332776739
-0.0568969593007413
-0.0323591991860400
-0.00773074970166625
0.0169268518272519
0.0415516582893276
0.0660820661477594
0.0904575513393293
0.114619349475877
0.138511047978787
0.162079066685681
0.185273013970043
0.208045915958657
0.230354325688640
0.252158326121031
0.273421445435714
0.294110505042868
0.314195420652643
0.333648975107668
0.352446579091805
0.370566032806025
0.387987298653356
0.404692292174939
0.420664696085419
0.435889800332456
0.450354369650331
0.464046539048978
0.476955737012916
0.489072635807078
0.500389128125273
0.510898329303002
0.520594604384796
0.529473619426471
0.537532416466288
0.544769511557435
0.551185015058515
0.556780772968296
0.561560527406863
0.565530093334650
0.568697547226475
0.571073421671792
0.572670897794670
0.573505985085988
0.573597675913026
0.572968059916471
0.571642382117041
0.569649028294484
0.567019422531332
0.563787825092224
0.559991024173291
0.555667922303266
0.550859026702664
0.545605861723473
0.539950329369422
0.533934049598004
0.527597714661858
0.520980490699511
0.514119495302066
0.507049372617223
0.499801978855549
0.492406182113006
0.484887772354662
0.477269471023118
0.469571025438307
0.461809370957429
0.453998843494066
0.446151426022373
0.438277014637660
0.430383692169309
0.422477999892379
0.414565200310402
0.406649526130405
0.398734412348777
0.390822709797635
0.382916879587790
0.375019168668873
0.367131767260710
0.359256949243909
0.351397196778886
0.343555310491348
0.335734506551611
0.327938501910839
0.320171588859107
0.312438699952482
0.304745464229345
0.297098255506757
0.289504233420136
0.281971377746256
0.274508516431317
0.267125347632401
0.259832455970663
0.252641323086064
0.245564332473556
0.238614768465705
0.231806809102372
0.225155512488809
0.218676796082800
0.212387408161273
0.206304890487689
0.200447530921971
0.194834304371567
0.189484800059818
0.184419132568938
0.179657833480757
0.175221719670264
0.171131733388627
0.167408748194243
0.164073333556912
0.161145469601184
0.158644202042105
0.156587226038778
0.154990386687133
0.153867083574310
0.153227567793699
0.153078122872305
0.153420127231258
0.154249006303193
0.155553098461555
0.157312481235396
0.159497832529365
0.162069433348321
0.164976448496565
0.168156641212032
0.171536675651031
0.175033127094046
0.178554248735666
0.182002441732609
0.185277260780919
0.188278689605973
0.190910368174691
0.193082463005748
0.194713940741493
0.195734111767394
0.196083424847391
0.195713588478370
0.194587154556866
0.192676722858160
0.189963918189197
0.186438267316682
0.182096070713415
0.176939332632166
0.170974786380245
0.164213031521662
0.156667785900468
0.148355246809717
0.139293551019741
0.129502321507383
0.119002288605534
0.107814974188649
0.0959624289225828
0.0834670142128306
0.0703512220906621
0.0566375277769147
0.0423482710105111
0.0275055634099661
0.0121312201575848
-0.00375328482662056
-0.0201268403026539
-0.0369686951586605
-0.0542584307828576
-0.0719759068003630
-0.0901011782627408
-0.108614382142750
-0.127495590904195
-0.146724631040663
-0.166280864882355
-0.186142934754670
-0.206288469852903
-0.226693758103617
-0.247333387938447
-0.268179868398641
-0.289203240326096
-0.310370696445217
-0.331646233554614
-0.352990365208675
-0.374359927253633
-0.395708010209814
-0.416984050480051
-0.438134105623159
-0.459101326956627
-0.479826626030381
-0.500249511770150
-0.520309055213656
-0.539944922301426
-0.559098405476672
-0.577713384068982
-0.595737151897232
-0.613121066547412
-0.629820995184204
-0.645797552792004
-0.661016147077168
-0.675446857682669
-0.689064185025489
-0.701846706326278
-0.713776674408650
-0.724839590068895
-0.735023772664251
-0.744319947163840
-0.752720860011511
-0.760220931183107
-0.766815945933702
-0.772502786895680
-0.777279205278243
-0.781143628763347
-0.784095003119470
-0.786132664408250
-0.787256238812942
-0.787465567473722
-0.786760654201696
-0.785141634511285
-0.782608765026692
-0.779162432961136
-0.774803186023325
-0.769531783762698
-0.763349272009926
-0.756257082682773
-0.748257161778899
-0.739352128819868
-0.729545471274986
-0.718841777482474
-0.707247011168842
-0.694768829681569
-0.681416946303292
-0.667203534304727
-0.652143666538624
-0.636255779278959
-0.619562142731882
-0.602089313516284
-0.583868537128356
-0.564936062094394
-0.545333323710193
-0.525106955712203
-0.504308594515006
-0.482994453674140
-0.461224665620864
-0.439062411458751
-0.416572884144507
-0.393822151227781
-0.370875996259920
-0.347798820239802
-0.324652675630199
-0.301496487594378
-0.278385493994232
-0.255370911790684
-0.232499816648911
-0.209815207259059
-0.187356217021030
-0.165158432843787
-0.143254282567314
-0.121673457311718
-0.100443341373212
-0.0795894289263844
-0.0591357129572341
-0.0391050371037634
-0.0195194052585618
-0.000400246911271846
0.0182313616003763
0.0363545183411505
0.0539483571233083
0.0709919461775224
0.0874642213563065
