0.5
0.499999983161408
0.499999623873571
0.499997911201871
0.499993023830228
0.499982327601740
0.499962372531041
0.499928889624790
0.499876787939479
0.499800152388613
0.499692242881737
0.499545495432918
0.499351525913754
0.499101137143101
0.498784330000564
0.498390319221668
0.497907554478655
0.497323747271993
0.496625904055038
0.495800365889928
0.494832854790256
0.493708526749810
0.492412031292380
0.490927577211627
0.489239004009210
0.487329858390709
0.485183475048886
0.482783060858435
0.480111781530045
0.477152849727726
0.473889613643166
0.470305645044367
0.466384825870903
0.462111432531451
0.457470217166203
0.452446485261888
0.447026169144557
0.441195897019067
0.434943057368603
0.428255858667634
0.421123384492851
0.413535644235497
0.405483619722364
0.396959308139695
0.387955761723206
0.378467124727671
0.368488668220808
0.358016823258350
0.347049212990065
0.335584684219901
0.323623338896771
0.311166565945100
0.298217073755000
0.284778923539738
0.270857563631649
0.256459864626092
0.241594155095838
0.226270257386246
0.210499522766773
0.194294864960955
0.177670790811792
0.160643426572338
0.143230538055433
0.125451542648778
0.107327511021876
0.0888811562421151
0.0701368080018844
0.0511203697594608
0.0318592568322873
0.0123823138644038
-0.00728028937718441
-0.0270971842491819
-0.0470359511039167
-0.0670632875003293
-0.0871451945716899
-0.107247178503648
-0.127334463308120
-0.147372210467446
-0.167325740620503
-0.187160752303372
-0.206843532856497
-0.226341156960379
-0.245621668833421
-0.264654244871591
-0.283409334370917
-0.301858776886246
-0.319975895680778
-0.337735567555825
-0.355114270076534
-0.372090107798372
-0.388642819537333
-0.404753769013423
-0.420405921342122
-0.435583807870122
-0.450273481771997
-0.464462466667752
-0.478139700310944
-0.491295475154710
-0.503921377346690
-0.516010225448099
-0.527556009927903
-0.538553834257697
-0.548999858230937
-0.558891243953840
-0.568226104804757
-0.577003457533089
-0.585223177565977
-0.592885957508411
-0.599993268757579
-0.606547326102236
-0.612551055140168
-0.618008062319001
-0.622922607385500
-0.627299578014429
-0.631144466378403
-0.634463347413862
-0.637262858534429
-0.639550180540853
-0.641333019476136
-0.642619589175120
-0.643418594259803
-0.643739213335069
-0.643591082144691
-0.642984276454739
-0.641929294441161
-0.640437038370929
-0.638518795381813
-0.636186217185087
-0.633451298538265
-0.630326354361413
-0.626823995400504
-0.622957102374270
-0.618738798576592
-0.614182420943805
-0.609301489634455
-0.604109676207003
-0.598620770517376
-0.592848646492017
-0.586807226961822
-0.580510447766952
-0.573972221361020
-0.567206400154677
-0.560226739842855
-0.553046862956428
-0.545680222868328
-0.538140068466356
-0.530439409681227
-0.522590984029659
-0.514607224300076
-0.506500227474141
-0.498281724942562
-0.489963054039932
-0.481555130892337
-0.473068424544531
-0.464512932311723
-0.455898156285526
-0.447233080915059
-0.438526151582922
-0.429785254102114
-0.421017695073648
-0.412230183065409
-0.403428810600086
-0.394619036972938
-0.385805671957849
-0.376992860501387
-0.368184068548114
-0.359382070184862
-0.350588936335501
-0.341806025279354
-0.333033975304226
-0.324272699837227
-0.315521385421721
-0.306778492925025
-0.298041762367607
-0.289308221759067
-0.280574200308184
-0.271835346343035
-0.263086650232266
-0.254322472540363
-0.245536577578725
-0.236722172431933
-0.227871951446563
-0.218978146070636
-0.210032579828274
-0.201026728109460
-0.191951782352708
-0.182798718102368
-0.173558366335916
-0.164221487383054
-0.154778846700636
-0.145221291727538
-0.135539829022932
-0.125725700890765
-0.115770460712129
-0.105666046244688
-0.0954048502023784
-0.0849797874967677
-0.0743843586006621
-0.0636127085814120
-0.0526596814423991
-0.0415208695029006
-0.0301926576356332
-0.0186722622648573
-0.00695776510344771
0.00495185832716377
0.0170567152962334
0.0293559774424918
0.0418478671637554
0.0545296486320042
0.0673976232436508
0.0804471293204254
0.0936725458911198
0.107067300406579
0.120623880267752
0.134333848077083
0.148187860554666
0.162175691090033
0.176286255925753
0.190507643987938
0.204827150389236
0.219231313630060
0.233705956512422
0.248236230756807
0.262806665275903
0.277401218010047
0.292003331169120
0.306595989656302
0.321161782373035
0.335682966025172
0.350141530971076
0.364519268577559
0.378797839482885
0.392958842111544
0.406983880746452
0.420854632443276
0.434552912070660
0.448060734779826
0.461360375247153
0.474434423092491
0.487265833951838
0.499837975772427
0.512134669997633
0.524140227414368
0.535839478542706
0.547217798552547
0.558261126791634
0.568955981100250
0.579289467168220
0.589249283257709
0.598823720670040
0.608001660375958
0.616772566256961
0.625126475421193
0.633053986062249
0.640546243324432
0.647594923625123
0.654192217865626
0.660330813937557
0.666003878904237
0.671205041206721
0.675928373213388
0.680168374401229
0.683919955427072
0.687178423318370
0.689939467986453
0.692199150240543
0.693953891458458
0.695200465049910
0.695935989830580
0.696157925409499
0.695864069678640
0.695052558481643
0.693721867528003
0.691870816609521
0.689498576166923
0.686604676245838
0.683189017872421
0.679251886869150
0.674793970120269
0.669816374283366
0.664320646927950
0.658308800063074
0.651783335993221
0.644747275414195
0.637204187627906
0.629158222716095
0.620614145467658
0.611577370801862
0.602054000370340
0.592050859954279
0.581575537200346
0.570636419160545
0.559242729018991
0.547404561304780
0.535132914807742
0.522439722336601
0.509337876391520
0.495841249770175
0.481964710094216
0.467724127236767
0.453136372657411
0.438219309713578
0.422991774120510
0.407473543877758
0.391685298168554
0.375648564966209
0.359385657343138
0.342919598764234
0.326274037945351
0.309473154155760
0.292541554125421
0.275504161968333
0.258386103737743
0.241212588375575
0.224008786898422
0.206799711671405
0.189610097559388
0.172464286617297
0.155386117796684
0.138398822916465
0.121524929886625
0.104786173899887
0.0882034170332640
0.0717965764426408
0.0555845611007216
0.0395852168304958
0.0238152792285592
0.00829033395791149
-0.00697521618173142
-0.0219681780287649
-0.0366765892960895
-0.0510897348475574
-0.0651981585291907
-0.0789936709864854
-0.0924693538021643
-0.105619560184060
-0.118439912325715
-0.130927295457565
-0.143079848508506
-0.154896951209822
-0.166379207399180
-0.177528424224296
-0.188347586906295
-0.198840828703475
-0.209013395718673
-0.218871606218353
-0.228422804179391
-0.237675306849689
-0.246638346200141
-0.255322004255904
-0.263737142421437
-0.271895325052442
-0.279808737673739
-0.287490100389844
-0.294952577178336
-0.302209681888716
-0.309275181885126
-0.316163000364120
-0.322887118443708
-0.329461478153320
-0.335899887453790
-0.342215928381240
-0.348422869339909
-0.354533582469205
-0.360560466883807
-0.366515378437930
-0.372409566502264
-0.378253618071301
-0.384057409346742
-0.389830064775778
-0.395579923367246
-0.401314511968753
-0.407040525067742
-0.412763810581817
-0.418489361029851
-0.424221309426084
-0.429962929213967
-0.435716637553662
-0.441484001295133
-0.447265745005206
-0.453061760469480
-0.458871117155713
-0.464692073201757
-0.470522086575446
-0.476357826143695
-0.482195182480784
-0.488029278339202
-0.493854478798122
-0.499664401192409
-0.505451925006885
-0.511209201994260
-0.516927666838694
-0.522598048738303
-0.528210384317422
-0.533754032301323
-0.539217690391159
-0.544589414764292
-0.549856642594468
-0.555006217937892
-0.560024421266075
-0.564897002846213
-0.569609220077337
-0.574145878788849
-0.578491378401233
-0.582629760741039
-0.586544762198310
-0.590219868818947
-0.593638373841427
-0.596783437120412
-0.599638145832123
-0.602185575829685
-0.604408853011973
-0.606291214086356
-0.607816066142971
-0.608967044513344
-0.609728068456399
-0.610083394296673
-0.610017665728988
-0.609515961097385
-0.608563837550090
-0.607147372063652
-0.605253199415553
-0.602868547263623
-0.599981268561119
-0.596579871597726
-0.592653548008841
-0.588192199138542
-0.583186461176367
-0.577627729515221
-0.571508182798330
-0.564820807138017
-0.557559420998997
-0.549718701244178
-0.541294210841752
-0.532282428728178
-0.522680782311573
-0.512487683082285
-0.501702565769894
-0.490325931445314
-0.478359394909479
-0.465805736631614
-0.452668959395449
-0.438954349675260
-0.424668543589885
-0.409819597066605
-0.394417059583725
-0.378472050548537
-0.361997337006480
-0.345007410972243
-0.327518564234254
-0.309548958026872
-0.291118684513987
-0.272249816615929
-0.252966442378908
-0.233294679879155
-0.213262668622190
-0.192900533589439
-0.172240318539853
-0.151315885918358
-0.130162781757982
-0.108818065261546
-0.0873201042522998
-0.0657083392995048
-0.0440230209369299
-0.0223049258670289
-0.000595059248460261
0.0210656490156152
0.0426366457182713
0.0640780453989681
0.0853509035226044
0.106417465370868
0.127241385614740
0.147787915116032
0.168024053142808
0.187918664752049
0.207442564488452
0.226568568697071
0.245271519608996
0.263528284924358
0.281317736902448
0.298620715010381
0.315419976026069
0.331700135188916
0.347447601591753
0.362650510553740
0.377298655242397
0.391383419351278
0.404897712207612
0.417835907293797
0.430193784824239
0.441968478726299
0.453158428129477
0.463763333266446
0.473784115528286
0.483222881288575
0.492082889011568
0.500368519083436
0.508085245748338
0.515239610489356
0.521839196165802
0.527892601201298
0.533409413110826
0.538400180659646
0.542876383963292
0.546850401867042
0.550335475986717
0.553345670851968
0.555895829669639
0.558001525319182
0.559679006304565
0.560945137516813
0.561817335806141
0.562313500519417
0.562451939322722
0.562251289794375
0.561730437434193
0.560908430882640
0.559804395271438
0.558437444728054
0.556826595124088
0.554990678187375
0.552948258086649
0.550717551545476
0.548316352450486
0.545761961791679
0.543071123615774
0.540259967494620
0.537343957818084
0.534337850023589
0.531255653681114
0.528110602171172
0.524915128530758
0.521680846903955
0.518418538923649
0.515138144270727
0.511848754608095
0.508558610068095
0.505275097481962
0.502004749576323
0.498753244421613
0.495525404497475
0.492325194837540
0.489155719827328
0.486019218351410
0.482917057116654
0.479849722114707
0.476816808326361
0.473817007910634
0.470848097259589
0.467906923433529
0.464989390617025
0.462090447350999
0.459204075396116
0.456323281163944
0.453440090710634
0.450545549319003
0.447629726694976
0.444681728769851
0.441689717028456
0.438640936173577
0.435521750789602
0.432317691485346
0.429013510782000
0.425593248773617
0.422040308332993
0.418337539375524
0.414467331438842
0.410411713598565
0.406152460531748
0.401671203369796
0.396949543860092
0.391969170286079
0.386711973581835
0.381160162118956
0.375296373737314
0.369103783730925
0.362566207677420
0.355668198204734
0.348395135011119
0.340733307684063
0.332669991090252
0.324193513323833
0.315293316396676
0.305960010026585
0.296185419023630
0.285962624888567
0.275286002319493
0.264151251373396
0.252555426048499
0.240496960042182
0.227975690398754
0.214992879692328
0.201551237293376
0.187654940143679
0.173309653314096
0.158522550443470
0.143302333956285
0.127659254733594
0.111605130669468
0.0951533632891729
0.0783189513428476
0.0611185000299888
0.0435702242686276
0.0256939442148718
0.00751107108209276
-0.0109554187752487
-0.0296810235397410
-0.0486397712777132
-0.0678042926145405
-0.0871459120173191
-0.106634758448558
-0.126239895517897
-0.145929470525487
-0.165670880997706
-0.185430956510928
-0.205176152836820
-0.224872754779711
-0.244487083565785
-0.263985704328049
-0.283335629138032
-0.302504511174255
-0.321460825978026
-0.340174036300078
-0.358614737742864
-0.376754783199373
-0.394567384922798
-0.412027193877424
-0.429110356772154
-0.445794551827620
-0.462059004851807
-0.477884487586552
-0.493253300538319
-0.508149242631139
-0.522557570033602
-0.536464946435471
-0.549859386904452
-0.562730197260835
-0.575067910686193
-0.586864223048433
-0.598111928192116
-0.608804854219950
-0.618937801585566
-0.628506483633079
-0.637507470057740
-0.645938133624413
-0.653796600365866
-0.661081703389225
-0.667792940344228
-0.673930434548690
-0.679494899722294
-0.684487608247097
-0.688910362849605
-0.692765471582955
-0.696055725976715
-0.698784382214515
-0.700955145194838
-0.702572155326552
-0.703639977907357
-0.704163594929371
-0.704148399151083
-0.703600190268333
-0.702525173008592
-0.700929956962431
-0.698821557953599
-0.696207400734721
-0.693095322779404
-0.689493578923965
-0.685410846593380
-0.680856231327108
-0.675839272301903
-0.670369947531311
-0.664458678406402
-0.658116333230264
-0.651354229391142
-0.644184133816800
-0.636618261356918
-0.628669270751954
-0.620350257866762
-0.611674745895885
-0.602656672285033
-0.593310372159733
-0.583650558106803
-0.573692296216258
-0.563450978358870
-0.552942290746043
-0.542182178891597
-0.531186809166962
-0.519972527209418
-0.508555813504800
-0.496953236518978
-0.485181403794263
-0.473256911456125
-0.461196292591097
-0.449015964958212
-0.436732178484111
-0.424360962967228
-0.411918076380811
-0.399418954120357
-0.386878659490840
-0.374311835675882
-0.361732659377517
-0.349154796264374
-0.336591358320386
-0.324054863147803
-0.311557195248939
-0.299109569292052
-0.286722495358656
-0.274405746172513
-0.262168326324287
-0.250018443529487
-0.237963481989691
-0.226009977966578
-0.214163597723112
-0.202429118034297
-0.190810409518848
-0.179310423090656
-0.167931179872417
-0.156673764950781
-0.145538325380442
-0.134524072861208
-0.123629291515244
-0.112851351179372
-0.102186726598154
-0.0916310228563905
-0.0811790073244538
-0.0708246483067385
-0.0605611604838310
-0.0503810571246582
-0.0402762089188857
-0.0302379091458553
-0.0202569447588170
-0.0103236728270613
-0.000428101649050253
0.00944002426793259
0.0192911362666983
0.0291357516218922
0.0389843826829112
0.0488474461428303
0.0587351734957350
0.0686575237135485
0.0786240991146687
0.0886440653131165
0.0987260760321814
0.108878203445270
0.119107874573940
0.129421814134285
0.139825994083189
0.150325589980557
0.160924944156748
0.171627535559931
0.182435956058712
0.193351892893276
0.204376116904459
0.215508476125086
0.226747894291045
0.238092373820026
0.249539002811981
0.261083965645324
0.272722556774461
0.284449197374955
0.296257454530084
0.308140062704159
0.320088947301173
0.332095250159860
0.344149356885574
0.356240925963580
0.368358919635363
0.380491636547835
0.392626746203497
0.404751325246795
0.416851895617612
0.428914464586991
0.440924566663411
0.452867307321194
0.464727408457538
0.476489255433299
0.488136945497511
0.499654337339419
0.511025101457667
0.522232770986964
0.533260792581077
0.544092576919729
0.554711548387934
0.565101193470890
0.575245107416411
0.585127038739946
0.594730931183737
0.604040962790111
0.613041581807282
0.621717539211924
0.630053917703494
0.638036157098085
0.645650076121783
0.652881890672655
0.659718228684581
0.666146141783357
0.672153113974763
0.677727067644791
0.682856367183758
0.687529820568643
0.691736679252220
0.695466636714183
0.698709826029325
0.701456816802169
0.703698611807263
0.705426643660874
0.706632771834108
0.707309280300562
0.707448876094436
0.707044689038309
0.706090272884267
0.704579608098182
0.702507106505105
0.699867618004178
0.696656439554259
0.692869326626487
0.688502507317167
0.683552699313084
0.678017129901221
0.671893559214972
0.665180306908356
0.657876282447091
0.649981019199223
0.641494712496310
0.632418261816796
0.622753317213527
0.612502330064423
0.601668608165957
0.590256375109676
0.578270833779133
0.565718233674732
0.552605941614151
0.538942515164040
0.524737777933773
0.510002895605361
0.494750451289083
0.478994518489274
0.462750729650559
0.446036337947688
0.428870269703169
0.411273164591696
0.393267400648262
0.374877101069026
0.356128119910710
0.337048004081502
0.317665929491424
0.298012609897358
0.278120177825290
0.258022037948571
0.237752694395364
0.217347554583230
0.196842713253978
0.176274721323673
0.155680344892021
0.135096320208389
0.114559110527591
0.0941046705953860
0.0737682239996837
0.0535840578551321
0.0335853383241253
0.0138039493972552
-0.00572964375493222
-0.0249865066112110
-0.0439393230146896
-0.0625624602719456
-0.0808320137423765
-0.0987258334371944
-0.116223535373921
-0.133306500491269
-0.149957863848044
-0.166162496638799
-0.181906983289331
-0.197179595575029
-0.211970265359267
-0.226270557197046
-0.240073641706046
-0.253374270283509
-0.266168751449626
-0.278454928829969
-0.290232160552403
-0.301501299627849
-0.312264674708564
-0.322526070471293
-0.332290706755229
-0.341565215496027
-0.350357614437834
-0.358677276576788
-0.366534894293716
-0.373942437173020
-0.380913102581601
-0.387461258197769
-0.393602375836684
-0.399352956115251
-0.404730443733302
-0.409753133414244
-0.414440066839879
-0.418810921220478
-0.422885890449944
-0.426685560092718
-0.430230777718450
-0.433542520327251
-0.436641760778458
-0.439549335237846
-0.442285813684241
-0.444871375463022
-0.447325691742480
-0.449667816525596
-0.451916087605153
-0.454088038538238
-0.456200322373639
-0.458268647509725
-0.460307725708386
-0.462331231958067
-0.464351775579086
-0.466380881707480
-0.468428982086268
-0.470505413938931
-0.472618425599311
-0.474775187523225
-0.476981807305637
-0.479243347368128
-0.481563844058448
-0.483946327011095
-0.486392837748986
-0.488904446655954
-0.491481267613195
-0.494122469765702
-0.496826286063782
-0.499590018407022
-0.502410039401016
-0.505281790918475
-0.508199779833580
-0.511157571469009
-0.514147781455884
-0.517162066854345
-0.520191117512343
-0.523224648747821
-0.526251396519366
-0.529259116297478
-0.532234586857342
-0.535163620179972
-0.538031078568322
-0.540820899956611
-0.543516132215382
-0.546098977034669
-0.548550843709342
-0.550852412863224
-0.552983709843618
-0.554924187209376
-0.556652815438557
-0.558148180711518
-0.559388588396219
-0.560352170686865
-0.561016996733810
-0.561361183557211
-0.561363006060011
-0.561001004544289
-0.560254088281596
-0.559101633882392
-0.557523577439838
-0.555500499675593
-0.553013703576798
-0.550045284271896
-0.546578191137971
-0.542596282355860
-0.538084372325741
-0.533028272522233
-0.527414826503319
-0.521231939892641
-0.514468606232413
-0.507114929657557
-0.499162145374592
-0.490602638944820
-0.481429965373978
-0.471638869002075
-0.461225305169290
-0.450186464606761
-0.438520801463726
-0.426228065832186
-0.413309341562734
-0.399767090074698
-0.385605200742737
-0.370829048281943
-0.355445557344335
-0.339463274271291
-0.322892445608873
-0.305745102577924
-0.288035150192983
-0.269778459143670
-0.250992957896870
-0.231698721766149
-0.211918054957292
-0.191675560882022
-0.170998195397674
-0.149915297155559
-0.128458589012012
-0.106662144563723
-0.0845623143948181
-0.0621976076264934
-0.0396085258623465
-0.0168373485928564
0.00607212853168807
0.0290748985844240
0.0521250848477115
0.0751763099971373
0.0981820821963658
0.121096186105944
0.143873066411491
0.166468191938594
0.188838389691956
0.210942140093031
0.232739827084906
0.254193939382746
0.275269221731704
0.295932777383354
0.316154124962024
0.335905214373537
0.355160407382705
0.373896428977333
0.392092295708246
0.409729226931888
0.426790544376926
0.443261564797911
0.459129489744998
0.474383295731348
0.489013627365167
0.503012695361917
0.516374180781692
0.529093146353889
0.541165955355705
0.552590198196613
0.563364626618999
0.573489095245112
0.582964510071515
0.591792783424112
0.599976794829993
0.607520357228594
0.614428187927093
0.620705883697708
0.626359899413319
0.631397529619180
0.635826892440117
0.639656915223133
0.642897321314308
0.645558617366379
0.647652080570364
0.649189745202582
0.650184387879213
0.650649510916669
0.650599323209980
0.650048718065860
0.649013247464754
0.647509092279174
0.645553028045853
0.643162385977596
0.640355009007128
0.637149202778574
0.633563681639743
0.629617509836397
0.625330038262672
0.620720837273770
0.615809626210589
0.610616200413903
0.605160356610732
0.599461817631212
0.593540157455479
0.587414727593417
0.581104585764303
0.574628427769492
0.568004523342508
0.561250656622603
0.554384071736872
0.547421423800468
0.540378735462920
0.533271358949436
0.526113943377422
0.518920406977008
0.511703913715674
0.504476853725169
0.497250826856052
0.490036628642580
0.482844237947719
0.475682805573681
0.468560643165232
0.461485211798629
0.454463109735383
0.447500058924134
0.440600889952820
0.433769525284054
0.427008960746422
0.420321245400638
0.413707460049249
0.407167694809188
0.400701026314708
0.394305495260765
0.387978085129867
0.381714703064454
0.375510163947264
0.369358178828739
0.363251348887964
0.357181166126690
0.351138021969789
0.345111224876035
0.339089027947761
0.333058667365765
0.327006412268364
0.320917626444509
0.314776841927378
0.308567844266157
0.302273768931867
0.295877207991935
0.289360325882642
0.282704982833681
0.275892864268934
0.268905614334149
0.261724971594501
0.254332904908283
0.246711747518250
0.238844327506298
0.230714092923288
0.222305230123599
0.213602774090989
0.204592709824542
0.195262064146810
0.185598987587091
0.175592826269055
0.165234183983438
0.154514974845375
0.143428467116666
0.131969318912478
0.120133606608455
0.107918846818144
0.0953240128236719
0.0823495463170187
0.0689973652480810
0.0552708684821738
0.0411749378471788
0.0267159380027839
0.0119017143949889
-0.00325841062754401
-0.0187536436578776
-0.0345717283646476
-0.0506989564505496
-0.0671201821695121
-0.0838188413186044
-0.100776975775331
-0.117975264766603
-0.135393064120277
-0.153008454752035
-0.170798301568988
-0.188738323819113
-0.206803177678436
-0.224966551547250
-0.243201274130296
-0.261479434918191
-0.279772516189949
-0.298051535146218
-0.316287194291361
-0.334450037742600
-0.352510610787851
-0.370439619767636
-0.388208089240418
-0.405787513414869
-0.423149998996413
-0.440268396887548
-0.457116420581028
-0.473668749564196
-0.489901116579254
-0.505790378124978
-0.521314568109105
-0.536452935040658
-0.551185963567373
-0.565495381501657
-0.579364153732657
-0.592776464592103
-0.605717690332534
-0.618174363397587
-0.630134130126322
-0.641585703449839
-0.652518812020953
-0.662924147078249
-0.672793308194546
-0.682118748905270
-0.690893723061120
-0.699112232606752
-0.706768977356376
-0.713859307220159
-0.720379177233174
-0.726325105651332
-0.731694135305749
-0.736483798347369
-0.740692084466089
-0.744317412631703
-0.747358606376294
-0.749814872617776
-0.751685784010750
-0.752971264802422
-0.753671580166880
-0.753787328989372
-0.753319440072425
-0.752269171736768
-0.750638114791167
-0.748428198845618
-0.745641701941080
-0.742281263465223
-0.738349900316732
-0.733851026269679
-0.728788474473521
-0.723166523002533
-0.716989923340099
-0.710263931647396
-0.702994342621970
-0.695187525698776
-0.686850463284152
-0.677990790641807
-0.668616836969473
-0.658737667116360
-0.648363123296413
-0.637503866052910
-0.626171413629380
-0.614378178804308
-0.602137502157738
-0.589463680662782
-0.576371990440935
-0.562878702494207
-0.549001090236701
-0.534757427699999
-0.520166977386143
-0.505249966892485
-0.490027553635263
-0.474521777250700
-0.458755499547725
-0.442752332214685
-0.426536552829988
-0.410133010076571
-0.393567019393607
-0.376864250596735
-0.360050609242064
-0.343152113683903
-0.326194769870473
-0.309204445930061
-0.292206748522417
-0.275226902772907
-0.258289637381652
-0.241419076222297
-0.224638637433766
-0.207970940682781
-0.191437722954146
-0.175059762926611
-0.158856813728642
-0.142847543650767
-0.127049484225734
-0.111478984977189
-0.0961511740811908
-0.0810799241793045
-0.0662778226218844
-0.0517561454987612
-0.0375248349245741
-0.0235924791798431
-0.00996629545920283
0.00334788486197394
0.0163456283685278
0.0290239089201566
0.0413811137544948
0.0534170458556138
0.0651329219456458
0.0765313653610945
0.0876163930068480
0.0983933955441814
0.108869109967944
0.119051583765923
0.128950129932403
0.138575272229327
0.147938680251751
0.157053094057105
0.165932238355447
0.174590726523614
0.183043954990538
0.191307988832707
0.199399439704867
0.207335337497636
0.215132997346846
0.222809883806093
0.230383474123149
0.237871122624369
0.245289928204324
0.252656606840131
0.259987370904713
0.267297816848041
0.274602822560749
0.281916455443654
0.289251891893899
0.296621348598714
0.304036025715080
0.311506061720648
0.319040499458476
0.326647262673293
0.334333142155433
0.342103790472528
0.349963724179005
0.357916332347304
0.365963890259380
0.374107577128045
0.382347496779993
0.390682700320770
0.399111209911275
0.407630042910588
0.416235235776549
0.424921867259281
0.433684080569993
0.442515104354537
0.451407272445018
0.460352042500241
0.469340013773996
0.478360944365999
0.487403768410794
0.496456613741965
0.505506820629700
0.514540962226197
0.523544867363353
0.532503646328675
0.541401720197607
0.550222854223549
0.558950195682238
0.567566316437882
0.576053260348858
0.584392595466845
0.592565470812088
0.600552677337082
0.608334712529711
0.615891847963104
0.623204198980629
0.630251795616791
0.637014653802834
0.643472845891746
0.649606569561383
0.655396214214204
0.660822424083616
0.665866157374262
0.670508740899971
0.674731919831001
0.678517902314337
0.681849398880164
0.684709656688375
0.687082488796296
0.688952298739307
0.690304100807831
0.691123536476465
0.691396887494448
0.691111086182509
0.690253723501731
0.688813055467872
0.686778008482595
0.684138184144201
0.680883864087522
0.677006015388351
0.672496297054352
0.667347068113834
0.661551397807520
0.655103078387538
0.647996641032804
0.640227375400699
0.631791353350793
0.622685457395960
0.612907414457367
0.602455835519460
0.591330261794941
0.579531218012533
0.567060273425128
0.553920111094485
0.540114605930858
0.525648911840334
0.510529558146221
0.494764555189633
0.478363508664635
0.461337741792154
0.443700423875051
0.425466703100662
0.406653840672379
0.387281342476928
0.367371083564316
0.346947419788437
0.326037280105986
0.304670232358917
0.282878514987646
0.260697027162262
0.238163270393172
0.215317235879100
0.192201233706859
0.168859662500139
0.145338721103281
0.121686067171715
0.0979504308393591
0.0741811946169880
0.0504279530179976
0.0267400668356039
0.00316622733431110
-0.0202459551745007
-0.0434503257318155
-0.0664025121107499
-0.0890601983458463
-0.111383340925790
-0.133334327372136
-0.154878079739469
-0.175982107813108
-0.196616518363424
-0.216753987738437
-0.236369705400659
-0.255441295844125
-0.273948725786703
-0.291874202745424
-0.309202070180674
-0.325918703430537
-0.342012409718491
-0.357473334652653
-0.372293376870339
-0.386466111829386
-0.399986725207812
-0.412851955938144
-0.425060048559940
-0.436610714308942
-0.447505100158913
-0.457745764878282
-0.467336661045399
-0.476283121873010
-0.484591851615938
-0.492270918270217
-0.499329747213496
-0.505779114384544
-0.511631137555541
-0.516899264218174
-0.521598254589021
-0.525744158248625
-0.529354282970389
-0.532447154378911
-0.535042465211094
-0.537161013144357
-0.538824626409142
-0.540056076718415
-0.540878979421297
-0.541317681211908
-0.541397136183151
-0.541142771487891
-0.540580344332025
-0.539735792447570
-0.538635080550781
-0.537304045554374
-0.535768243452542
-0.534052800818428
-0.532182273740429
-0.530180516780513
-0.528070564178286
-0.525874525070775
-0.523613493977941
-0.521307477248961
-0.518975335606448
-0.516634742394400
-0.514302156656015
-0.511992809758729
-0.509720703958308
-0.507498621057359
-0.505338139165962
-0.503249655508144
-0.501242413228856
-0.499324530231197
-0.497503028201109
-0.495783860145031
-0.494171934964668
-0.492671137813087
-0.491284345210637
-0.490013434142510
-0.488859284608515
-0.487821775347674
-0.486899772714569
-0.486091112940332
-0.485392578268458
-0.484799867713258
-0.484307563445115
-0.483909094058413
-0.483596696220391
-0.483361376425069
-0.483192874776980
-0.483079632893533
-0.483008768129934
-0.482966056383180
-0.482935925708323
-0.482901462869190
-0.482844434738034
-0.482745326149948
-0.482583395410062
-0.482336748153656
-0.481982429688217
-0.481496535326653
-0.480854337583385
-0.480030428485305
-0.478998874684611
-0.477733382585766
-0.476207470344473
-0.474394643384740
-0.472268570022754
-0.469803253883650
-0.466973200038707
-0.463753572155367
-0.460120338412790
-0.456050404459249
-0.451521732241058
-0.446513444084439
-0.441005911934519
-0.434980832128142
-0.428421286484791
-0.421311790834497
-0.413638332361390
-0.405388397329298
-0.396550990878094
-0.387116650645059
-0.377077455983844
-0.366427034533928
-0.355160567843906
-0.343274797678525
-0.330768034546028
-0.317640169870086
-0.303892693097959
-0.289528714879057
-0.274552997259081
-0.258971991605315
-0.242793884697741
-0.226028653077019
-0.208688125322709
-0.190786051434155
-0.172338177896702
-0.153362326338441
-0.133878472927841
-0.113908824853464
-0.0934778894019148
-0.0726125303654476
-0.0513420058405436
-0.0296979810134240
-0.00771450936836094
0.0145720239997362
0.0371230025491311
0.0598977262269038
0.0828536096334629
0.105946430540145
0.129130626188175
0.152359631938913
0.175586254078089
0.198763066177177
0.221842816644112
0.244778834157232
0.267525417683819
0.290038198739881
0.312274465341185
0.334193439524557
0.355756503121403
0.376927369362988
0.397672200631454
0.417959675036776
0.437761006363137
0.457049923227799
0.475802614037151
0.493997644565087
0.511615854807310
0.528640241285633
0.545055830292604
0.560849546772196
0.576010082703608
0.590527768050540
0.604394446597375
0.617603358340314
0.630149029546664
0.642027171140371
0.653234585711251
0.663769083169838
0.673629404867924
0.682815155864580
0.691326744927117
0.699165331805195
0.706332781294702
0.712831623607900
0.718665020580911
0.723836737273303
0.728351118542925
0.732213070208665
0.735428044441773
0.738002029050719
0.739941540343707
0.741253619265780
0.741945830513287
0.742026264326779
0.741503540654113
0.740386815358725
0.738685788124144
0.736410711675498
0.733572401903102
0.730182248433541
0.726252225151739
0.721794900135532
0.716823444424672
0.711351639011987
0.705393879418747
0.698965177202467
0.692081157746831
0.684758053703395
0.677012693495805
0.668862484361713
0.660325389496189
0.651419898973095
0.642164994255786
0.632580106262181
0.622685067116705
0.612500055896109
0.602045538850085
0.591342204742026
0.580410896101649
0.569272537300982
0.557948060451222
0.546458330164750
0.534824068230968
0.523065779215947
0.511203677916333
0.499257619482035
0.487247032876855
0.475190858179640
0.463107488050215
0.451014713503804
0.438929673964105
0.426868811406834
0.414847828269216
0.402881648691821
0.390984382580654
0.379169291931368
0.367448758844048
0.355834254675242
0.344336309821647
0.332964483704542
0.321727334622215
0.310632389256009
0.299686111750383
0.288893872434897
0.278259916412487
0.267787332399860
0.257478022368176
0.247332672690986
0.237350727656869
0.227530366340998
0.217868483947322
0.208360678824877
0.199001246421623
0.189783181460599
0.180698189600089
0.171736709766671
0.162887948223661
0.154139925255803
0.145479535114833
0.136892619583777
0.128364055187617
0.119877853715257
0.111417275336359
0.102964953213307
0.0945030281416469
0.0860132914207013
0.0774773338776979
0.0688766987593533
0.0601930360765335
0.0514082559477525
0.0425046785379328
0.0334651783266252
0.0242733206561206
0.0149134887916092
0.00537100005647314
-0.00436779003219474
-0.0143153963282922
-0.0244831256529384
-0.0348810114055499
-0.0455177608593119
-0.0564007145409194
-0.0675358168753978
-0.0789275971116785
-0.0905791594338698
-0.102492181104971
-0.114666917480468
-0.127102212763929
-0.139795515449749
-0.152742897503560
-0.165939076462458
-0.179377439789110
-0.193050070980156
-0.206947777104454
-0.221060117624998
-0.235375434534117
-0.249880883999123
-0.264562469868837
-0.279405079524357
-0.294392522663673
-0.309507573683131
-0.324732018353582
-0.340046705480335
-0.355431604180184
-0.370865867304150
-0.386327901381841
-0.401795443266177
-0.417245643422353
-0.432655155542370
-0.448000231888885
-0.463256823494780
-0.478400684083830
-0.493407476349694
-0.508252879050176
-0.522912693253792
-0.537362946024826
-0.551579989855286
-0.565540596246568
-0.579222042004303
-0.592602187026654
-0.605659542625733
-0.618373329708306
-0.630723526439312
-0.642690905304400
-0.654257059761897
-0.665404420919201
-0.676116264875505
-0.686376711537196
-0.696170715832547
-0.705484052329486
-0.714303294297398
-0.722615788256043
-0.730409625027252
-0.737673608254542
-0.744397221288031
-0.750570593252989
-0.756184465035004
-0.761230155827564
-0.765699530802277
-0.769584970380851
-0.772879341513284
-0.775575971299847
-0.777668623236222
-0.779151476311985
-0.780019107152493
-0.780266475362965
-0.779888912210818
-0.778882112767439
-0.777242131623214
-0.774965382288894
-0.772048640401782
-0.768489050865880
-0.764284139070376
-0.759431826349698
-0.753930449869826
-0.747778787148418
-0.740976085439107
-0.733522096231238
-0.725417115133131
-0.716662027416961
-0.707258359503227
-0.697208336648495
-0.686514947067023
-0.675182012659458
-0.663214266433888
-0.650617436579515
-0.637398336983946
-0.623564963764967
-0.609126597110615
-0.594093907383345
-0.578479064044064
-0.562295845493105
-0.545559747417597
-0.528288086695566
-0.510500097363572
-0.492217014643992
-0.473462142598008
-0.454260900677454
-0.434640844354773
-0.414631655176822
-0.394265096068318
-0.373574928539435
-0.352596789636907
-0.331368027990011
-0.309927500071313
-0.288315329705404
-0.266572635771275
-0.244741234790168
-0.222863326505578
-0.200981171503513
-0.179136770290599
-0.157371553006067
-0.135726088117156
-0.114239817123655
-0.0929508206112671
-0.0718956191081944
-0.0511090102823726
-0.0306239422199390
-0.0104714209688265
0.00931955070568083
0.0287220072866953
0.0477110316498997
0.0662637480413807
0.0843593014671066
0.101978827779832
0.119105418304115
0.135724082299585
0.151821709975486
0.167387038174318
0.182410620266872
0.196884801263095
0.210803698652890
0.224163189051423
0.236960900333865
0.249196208600771
0.260870239012597
0.271985869265050
0.282547734242320
0.292562230180569
0.302037516499847
0.310983513321946
0.319411892590537
0.327336060656845
0.334771130199719
0.341733879425118
0.348242696648564
0.354317508615281
0.359979691263304
0.365251962086461
0.370158253801099
0.374723569648974
0.378973821355644
0.382935651477393
0.386636242571086
0.390103116266861
0.393363925868780
0.396446246512449
0.399377367137974
0.402184088570007
0.404892531826972
0.407527960417429
0.410114619846274
0.412675596883055
0.415232700383621
0.417806364653404
0.420415575543891
0.423077818726654
0.425809048926906
0.428623678346256
0.431534582076667
0.434553118009201
0.437689158567691
0.440951131538214
0.444346067304795
0.447879649922625
0.451556269644056
0.455379074742892
0.459350020743986
0.463469915445676
0.467738458412756
0.472154273910861
0.476714936545293
0.481416989156265
0.486255952807745
0.491226328988635
0.496321594423401
0.501534189164438
0.506855498909365
0.512275832750533
0.517784397816813
0.523369272502330
0.529017380184142
0.534714465499595
0.540445075371088
0.546192547017373
0.551939005162481
0.557665370534041
0.563351381523548
0.568975630558756
0.574515616316343
0.579947812392640
0.585247752471229
0.590390131406262
0.595348921013063
0.600097498760709
0.604608787032778
0.608855400197240
0.612809796432607
0.616444431113317
0.619731908569719
0.622645129201466
0.625157429221045
0.627242710710600
0.628875560158297
0.630031354165434
0.630686351548448
0.630817771570620
0.630403858502074
0.629423933106135
0.627858431975199
0.625688935886612
0.622898188521437
0.619470106993588
0.615389785683951
0.610643494875909
0.605218675657624
0.599103932504748
0.592289024895801
0.584764859250740
0.576523482428730
0.567558077979316
0.557862966315609
0.547433609970242
0.536266625103997
0.524359800460563
0.511712124993707
0.498323825427666
0.484196415037280
0.469332754937508
0.453737129134759
0.437415334493315
0.420374786582716
0.402624642066005
0.384175937830483
0.365041746416842
0.345237346435731
0.324780405546473
0.303691172198253
0.281992670711040
0.259710892447944
0.236874973895808
0.213517350576382
0.189673874067739
0.165383878292151
0.140690180926281
0.115639006614942
0.0902798208671012
0.0646650672051480
0.0388498052592584
0.0128912537456084
-0.0131517509048530
-0.0392193628314506
-0.0652513788278216
-0.0911879071967954
-0.116970024768942
-0.142540394472758
-0.167843819271586
-0.192827713647542
-0.217442480375183
-0.241641787249108
-0.265382744926925
-0.288625992513648
-0.311335701576618
-0.333479511819098
-0.355028412741359
-0.375956585509257
-0.396241218234714
-0.415862306265677
-0.434802447170134
-0.453046638109805
-0.470582081400995
-0.487398002359091
-0.503485482075005
-0.518837306593306
-0.533447833043375
-0.547312872590711
-0.560429589591545
-0.572796416013758
-0.584412979995480
-0.595280047317975
-0.605399474543890
-0.614774172592897
-0.623408079575596
-0.631306141768654
-0.638474301678226
-0.644919492196287
-0.650649635899387
-0.655673648567506
-0.660001446009504
-0.663643953270360
-0.666613115264512
-0.668921907831070
-0.670584348144194
-0.671615503340408
-0.672031496150938
-0.671849506259522
-0.671087766054259
-0.669765549416848
-0.667903152205448
-0.665521863149653
-0.662643923998029
-0.659292477948083
-0.655491505649843
-0.651265748406846
-0.646640618595812
-0.641642097775642
-0.636296623437946
-0.630630965839661
-0.624672096823533
-0.618447052942609
-0.611982795529385
-0.605306070562207
-0.598443271261062
-0.591420306281860
-0.584262476173231
-0.576994360424335
-0.569639716987810
-0.562221395637959
-0.554761265954429
-0.547280160141279
-0.539797830333713
-0.532332919538412
-0.524902944920622
-0.517524291806325
-0.510212216518160
-0.502980856009300
-0.495843242194940
-0.488811318897002
-0.481895959402188
-0.475106982774003
-0.468453167243399
-0.461942259219025
-0.455580976697679
-0.449375006111064
-0.443328991911646
-0.437446518475165
-0.431730084178883
-0.426181067802639
-0.420799687694466
-0.415584954444166
-0.410534618116038
-0.405645111404011
-0.400911490384558
-0.396327374848114
-0.391884890478619
-0.387574615410063
-0.383385533902403
-0.379305000028157
-0.375318714324916
-0.371410716327520
-0.367563395728101
-0.363757524608515
-0.359972312740506
-0.356185487356581
-0.352373398072498
-0.348511146816457
-0.344572741728504
-0.340531273084531
-0.336359108427455
-0.332028103310700
-0.327509823429442
-0.322775773477390
-0.317797627851707
-0.312547458348941
-0.306997954245144
-0.301122630610521
-0.294896021335202
-0.288293854090106
-0.281293205262611
-0.273872633738568
-0.266012293202899
-0.257694023362089
-0.248901421125175
-0.239619893298288
-0.229836692744796
-0.219540940240468
-0.208723634419329
-0.197377652273603
-0.185497742654917
-0.173080515138242
-0.160124426468200
-0.146629766619761
-0.132598646279911
-0.118034987297789
-0.102944517359557
-0.0873347698197701
-0.0712150892601803
-0.0545966429460947
-0.0374924379061786
-0.0199173428725888
-0.00188811378664223
0.0165765789915460
0.0354561242180937
0.0547279470774204
0.0743674938505027
0.0943482279846124
0.114641641942813
0.135217289353040
0.156042841867963
0.177084174736178
0.198305484336671
0.219669439831584
0.241137369670915
0.262669482000436
0.284225116184665
0.305763020798235
0.327241651720908
0.348619482555836
0.369855318620478
0.390908605337939
0.411739722030369
0.432310252869119
0.452583227990938
0.472523329418983
0.492097058274907
0.511272861668895
0.530021219456060
0.548314692627294
0.566127936376572
0.583437681812703
0.600222690857846
0.616463689124698
0.632143281537403
0.647245855217280
0.661757473755899
0.675665766503341
0.688959815959396
0.701630045810576
0.713668111636149
0.725066795832160
0.735819907885339
0.745922190773885
0.755369233979416
0.764157393360357
0.772283717956239
0.779745883658073
0.786542133585142
0.792671224946470
0.798132382129524
0.802925255743797
0.807049887347979
0.810506679602321
0.813296371609201
0.815420019231977
0.816878980212807
0.817674903942376
0.817809725766922
0.817285665749464
0.816105231831514
0.814271227367989
0.811786763030465
0.808655273091406
0.804880536113514
0.800466700072595
0.795418311938073
0.789740351720883
0.783438270972299
0.776518035677376
0.768986173431247
0.760849824713462
0.752116797983191
0.742795628204780
0.732895638278155
0.722427002691623
0.711400812537148
0.699829140832905
0.687725106889763
0.675102938244732
0.661978028475310
0.648366989017016
0.634287692947813
0.619759308595175
0.604802320783327
0.589438537588107
0.573691080621667
0.557584357140718
0.541144012665651
0.524396863309794
0.507370807633957
0.490094718535385
0.472598316415890
0.454912025605989
0.437066816700398
0.419094038034706
0.401025239958586
0.382891995802526
0.364725723472891
0.346557511441051
0.328417952531038
0.310336988387098
0.292343766860034
0.274466513839029
0.256732420325045
0.239167544840835
0.221796730641653
0.204643536660189
0.187730180708319
0.171077493174866
0.154704879301303
0.138630288077009
0.122870185858076
0.107439532961619
0.0923517617030969
0.0776187546101142
0.0632508218470411
0.0492566772074740
0.0356434123653889
0.0224164694123691
0.00957961204088662
-0.00286510394320536
-0.0149173597870525
-0.0265786013549895
-0.0378520635459488
-0.0487427897888951
-0.0592576446522939
-0.0694053174671624
-0.0791963147909840
-0.0886429395443306
-0.0977592547457913
-0.106561029964546
-0.115065668911240
-0.123292116999362
-0.131260748227099
-0.138993231341614
-0.146512375933101
-0.153841959835254
-0.161006539944884
-0.168031249273975
-0.174941583667967
-0.181763182122028
-0.188521604966031
-0.195242114342554
-0.201949461356902
-0.208667684035339
-0.215419919803034
-0.222228235615785
-0.229113478188064
-0.236095145999289
-0.243191283976845
-0.250418400992301
-0.257791409604368
-0.265323586868190
-0.273026554525553
-0.280910276505080
-0.288983071397100
-0.297251637419190
-0.305721087344412
-0.314394990910779
-0.323275422351653
-0.332363010866460
-0.341656992074718
-0.351155258750476
-0.360854409408239
-0.370749793596534
-0.380835553044869
-0.391104658099299
-0.401548939167422
-0.412159113172786
-0.422924805288736
-0.433834566479932
-0.444875887622533
-0.456035211196844
-0.467297941743126
-0.478648456435283
-0.490070117249932
-0.501545286281227
-0.513055345765799
-0.524580724329486
-0.536100930842259
-0.547594597067089
-0.559039530014033
-0.570412774569069
-0.581690686570349
-0.592849016070256
-0.603863000072249
-0.614707463592806
-0.625356927497725
-0.635785721224811
-0.645968098253841
-0.655878352036484
-0.665490930062532
-0.674780543815255
-0.683722272549976
-0.692291659101174
-0.700464796263394
-0.708218402675762
-0.715529887543393
-0.722377403927161
-0.728739890705202
-0.734597103638281
-0.739929636245535
-0.744718931410731
-0.748947284790877
-0.752597841191458
-0.755654585111686
-0.758102326656933
-0.759926683973024
-0.761114063287742
-0.761651637557756
-0.761527324622489
-0.760729765667351
-0.759248304703321
-0.757072969682782
-0.754194455796609
-0.750604111437466
-0.746293927270991
-0.741256528831380
-0.735485173051447
-0.728973749149890
-0.721716784330167
-0.713709454795498
-0.704947602652349
-0.695427759358747
-0.685147176471853
-0.674103864558266
-0.662296641245947
-0.649725189512259
-0.636390127409582
-0.622293090516581
-0.607436828453896
-0.591825316797692
-0.575463885637788
-0.558359365828122
-0.540520253629683
-0.521956893908805
-0.502681681284018
-0.482709277571600
-0.462056842531738
-0.440744273250740
-0.418794445528182
-0.396233448435908
-0.373090800904737
-0.349399636975001
-0.325196844497382
-0.300523140937578
-0.275423069906155
-0.249944903469195
-0.224140438466578
-0.198064680058562
-0.171775412358228
-0.145332663796809
-0.118798083025578
-0.0922342486940154
-0.0657039423310548
-0.0392694169258713
-0.0129916941341275
0.0130700797324549
0.0388591942190275
0.0643218343416170
0.0894074300665075
0.114068894415886
0.138262755937106
0.161949196662264
0.185092010238251
0.207658496661063
0.229619310246025
0.250948276468806
0.271622191514794
0.291620616142398
0.310925673098902
0.329521855045619
0.347395847893889
0.364536372700100
0.380934047840619
0.396581272075456
0.411472128280191
0.425602307036030
0.438969048870971
0.451571103695838
0.463408705836019
0.474483562987483
0.484798857393873
0.494359257525771
0.503170938524129
0.511241609632816
0.518580546780035
0.525198628369222
0.531108372205499
0.536323971317282
0.540861326242552
0.544738071149671
0.547973590972990
0.550589026589273
0.552607264972190
0.554052911272506
0.554952239915580
0.555333122117419
0.555224927720867
0.554658399957606
0.553665502645900
0.552279240413629
0.550533453743679
0.548462591904022
0.546101468059808
0.543485001970648
0.540647956554495
0.537624675163620
0.534448826605794
0.531153164725613
0.527769308745972
0.524327549604776
0.520856686285549
0.517383894733421
0.513934630479237
0.510532564670468
0.507199551918759
0.503955627288923
0.500819028914664
0.497806242147793
0.494932060822832
0.492209661122075
0.489650683620817
0.487265319335808
0.485062395949353
0.483049460797402
0.481232857659196
0.479617794842659
0.478208402505549
0.477007777576499
0.476018015038069
0.475240224706478
0.474674532994901
0.474320069486749
0.474174938481916
0.474236176022762
0.474499693267366
0.474960207463540
0.475611162193548
0.476444639007823
0.477451263041934
0.478620105703976
0.479938588010751
0.481392388613629
0.482965360953466
0.484639464275861
0.486394713376004
0.488209151878369
0.490058853547029
0.491917955535545
0.493758726607361
0.495551672199899
0.497265676808317
0.498868182599419
0.500325401530398
0.501602556658738
0.502664146913321
0.503474228470231
0.503996705135015
0.504195619836537
0.504035439503541
0.503481326196426
0.502499388336688
0.501056907118229
0.499122534585537
0.496666461308813
0.493660552971928
0.490078456432495
0.485895676857250
0.481089628350320
0.475639661071572
0.469527068201775
0.462735076279914
0.455248822452606
0.447055322076407
0.438143429939427
0.428503798153543
0.418128833540885
0.407012657119539
0.395151068097874
0.382541514622070
0.369183073388408
0.355076440126016
0.340223932866657
0.324629509830090
0.308298803645501
0.291239173474662
0.273459776368868
0.254971658841776
0.235787869132250
0.215923589921074
0.195396290309911
0.174225894634209
0.152434964143241
0.130048885746229
0.107096059940003
0.0836080778025825
0.0596198747283464
0.0351698466392845
0.0102999130486128
-0.0149444890591147
-0.0405144956682213
-0.0663580031196012
-0.0924199608025970
-0.118642771558318
-0.144966794944812
-0.171330940618522
-0.197673331453059
-0.223932009645745
-0.250045654869114
-0.275954282147624
-0.301599888800485
-0.326927024241048
-0.351883262998959
-0.376419569101119
-0.400490547902737
-0.424054588699664
-0.447073907319495
-0.469514502026898
-0.491346038426783
-0.512541679777887
-0.533077878556189
-0.552934143610431
-0.572092795201588
-0.590538717932726
-0.608259119299225
-0.625243299488384
-0.641482436228763
-0.656969386975093
-0.671698509516290
-0.685665501188599
-0.698867256226072
-0.711301740343460
-0.722967881379749
-0.733865474694759
-0.743995101972591
-0.753358062116136
-0.761956312993653
-0.769792422904099
-0.776869530749004
-0.783191314025460
-0.788761963880046
-0.793586166582272
-0.797669090884953
-0.801016380835421
-0.803634153684149
-0.805529002605048
-0.806708003993620
-0.807178729144644
-0.806949260129515
-0.806028209694139
-0.804424744980796
-0.802148614841081
-0.799210180451415
-0.795620448867637
-0.791391109060980
-0.786534569865315
-0.781063999136722
-0.774993363284191
-0.768337466179083
-0.761111986297013
-0.753333510797042
-0.745019565109429
-0.736188636496232
-0.726860189981749
-0.717054675035635
-0.706793521443700
-0.696099122931116
-0.684994807318274
-0.673504792293788
-0.661654126278970
-0.649468614322556
-0.636974729484682
-0.624199510718567
-0.611170448804321
-0.597915362395307
-0.584462266666650
-0.570839237374019
-0.557074273312260
-0.543195160191102
-0.529229338814858
-0.515203780173232
-0.501144869641573
-0.487078301981229
-0.473028988260517
-0.459020975223028
-0.445077377050085
-0.431220318931044
-0.417470891394763
-0.403849113985825
-0.390373906599451
-0.377063066621311
-0.363933249948295
-0.350999953984695
-0.338277500803477
-0.325779018821486
-0.313516421547944
-0.301500382215908
-0.289740303387072
-0.278244280923630
-0.267019062041603
-0.256069997494015
-0.245400988277001
-0.235014427605095
-0.224911139261009
-0.215090313786749
-0.205549444341180
-0.196284264396309
-0.187288689769034
-0.178554767772126
-0.170072636499342
-0.161830497413223
-0.153814604456955
-0.146009272839782
-0.138396910427385
-0.130958074287552
-0.123671554389058
-0.116514485730615
-0.109462489303853
-0.102489841301177
-0.0955696689131268
-0.0886741699799137
-0.0817748527365835
-0.0748427909913229
-0.0678488893681105
-0.0607641527825691
-0.0535599541397916
-0.0462082943588947
-0.0386820492308071
-0.0309551982702151
-0.0230030315778857
-0.0148023317213751
-0.00633152870060582
0.00242917287814086
0.0114976943009417
0.0208900099133097
0.0306200992092558
0.0406999215159855
0.0511394105349010
0.0619464857472338
0.0731270775862946
0.0846851632982794
0.0966228105378363
0.108940225951346
0.121635806270125
0.134706189750464
0.148146306143938
0.161949423749516
0.176107192481352
0.190609682277834
0.205445416574877
0.220601400966416
0.236063147573950
0.251814696039303
0.267838632432967
0.284116107723325
0.300626857765549
0.317349227025010
0.334260198428186
0.351335431811954
0.368549313398361
0.385875018537519
0.403284589624001
0.420749030598565
0.438238418806480
0.455722034219255
0.473168505176197
0.490545968916952
0.507822244316918
0.524965013468981
0.541942008139870
0.558721196719769
0.575270967115741
0.591560301127829
0.607558936183211
0.623237510858488
0.638567691344911
0.653522276846210
0.668075282779049
0.682202001509829
0.695879041154767
0.709084343651884
0.721797183857108
0.733998151810461
0.745669120563548
0.756793202067988
0.767354693615051
0.777339017212480
0.786732654109621
0.795523076459792
0.803698677860052
0.811248704250715
0.818163186403729
0.824432874990540
0.830049179003085
0.835004108110142
0.839290219367143
0.842900568560944
0.845828666360812
0.848068439361348
0.849614196039890
0.850460597608032
0.850602633711715
0.850035602925072
0.848755097987811
0.846756995752926
0.844037451839682
0.840592900025125
0.836420056454986
0.831515928811359
0.825877830639156
0.819503401105822
0.812390630548304
0.804537892246868
0.795943980955748
0.786608158813519
0.776530209348554
0.765710500382372
0.754150056710212
0.741850643495254
0.728814861339930
0.715046253980603
0.700549429473273
0.685330195576877
0.669395709772665
0.652754643955929
0.635417363271554
0.617396117810628
0.598705244920641
0.579361378697001
0.559383661828888
0.538793953405913
0.517617024630174
0.495880732743163
0.473616162040909
0.450857719832104
0.427643174842845
0.404013626140524
0.380013392351096
0.355689813898221
0.331092965172928
0.306275278734756
0.281291089436411
0.256196112170683
0.231046872081376
0.205900109894814
0.180812186988460
0.155838514636343
0.131033029579283
0.106447733983770
0.0821323125321175
0.0581338335064984
0.0344965349669228
0.0112616920451129
-0.0115324426295510
-0.0338506361038776
-0.0556606220966029
-0.0769330104115105
-0.0976411708466185
-0.117761102530522
-0.137271298089113
-0.156152610352290
-0.174388127616248
-0.191963061896599
-0.208864653208552
-0.225082091722723
-0.240606458671006
-0.255430686099547
-0.269549534957323
-0.282959590535691
-0.295659273901771
-0.307648867663444
-0.318930554136015
-0.329508463724737
-0.339388731073319
-0.348579556242298
-0.357091267866087
-0.364936384894879
-0.372129673167954
-0.378688192708989
-0.384631331312909
-0.389980819749316
-0.394760723790267
-0.398997408336488
-0.402719469223201
-0.405957628885486
-0.408744592989130
-0.411114866397293
-0.413104528423776
-0.414750969158007
-0.416092590632122
-0.417168478596987
-0.418018052517683
-0.418680702919135
-0.419195426254288
-0.419600467913300
-0.419932983782079
-0.420228729898411
-0.420521788317421
-0.420844335416210
-0.421226456709210
-0.421696009995956
-0.422278536497311
-0.422997217702874
-0.423872874057623
-0.424924000419859
-0.426166832440011
-0.427615437618116
-0.429281824746835
-0.431176065670424
-0.433306423716378
-0.435679483716119
-0.438300279162983
-0.441172412710366
-0.444298166853508
-0.447678602240519
-0.451313641608837
-0.455202137838102
-0.459341925052946
-0.463729852107900
-0.468361798153841
-0.473232670335561
-0.478336384018252
-0.483665826301712
-0.489212803967880
-0.494967977429852
-0.500920782714436
-0.507059344014974
-0.513370379888628
-0.519839106725303
-0.526449143656336
-0.533182423561974
-0.540019115229331
-0.546937561951424
-0.553914241884315
-0.560923755237669
-0.567938842819924
-0.574930439568640
-0.581867765474461
-0.588718454793634
-0.595448722717470
-0.602023566840484
-0.608406998980795
-0.614562301306204
-0.620452299448693
-0.626039644463731
-0.631287095180198
-0.636157792710485
-0.640615519611654
-0.644624937322522
-0.648151796927979
-0.651163119883408
-0.653627346932059
-0.655514454946585
-0.656796042730259
-0.657445387864204
-0.657437477458246
-0.656749016157483
-0.655358414999923
-0.653245764752643
-0.650392797222503
-0.646782837791664
-0.642400752113600
-0.637232889562018
-0.631267025685368
-0.624492305608389
-0.616899190057012
-0.608479405475715
-0.599225899563527
-0.589132803479281
-0.578195401957947
-0.566410112635516
-0.553774475995273
-0.540287157516802
-0.525947963821703
-0.510757874854481
-0.494719094396853
-0.477835121465916
-0.460110845360373
-0.441552667252697
-0.422168651223700
-0.401968707429028
-0.380964809586607
-0.359171248075790
-0.336604918525788
-0.313285643723586
-0.289236523885957
-0.264484306756848
-0.239059764635388
-0.212998060471100
-0.186339079930037
-0.159127701418526
-0.131413972271482
-0.103253157684291
-0.0747056305644737
-0.0458365762079469
-0.0167154960079931
0.0125844910331234
0.0419875326664114
0.0714160789521138
0.100792017961751
0.130037849018035
0.159077826261407
0.187839008589138
0.216252162526712
0.244252480417265
0.271780094694249
0.298780387055879
0.325204106715347
0.351007323081290
0.376151244736013
0.400601938759132
0.424329983161236
0.447310081538937
0.469520664105365
0.490943493871803
0.511563291591992
0.531367388521217
0.550345412274142
0.568489008127199
0.585791595947344
0.602248161433367
0.617855079404204
0.632609966338104
0.646511559147361
0.659559617173500
0.671754844533998
0.683098830187359
0.693594003366950
0.703243602335221
0.712051654707913
0.720022967878150
0.727163128323499
0.733478508798875
0.738976282600542
0.743664444228612
0.747551835875393
0.750648179222984
0.752964112044369
0.754511229066711
0.755302126472892
0.755350449287739
0.754670940720043
0.753279492313833
0.751193193508240
0.748430378924202
0.745010671401912
0.740955018523948
0.736285720099303
0.731026443881786
0.725202226685115
0.718839458070958
0.711965843958334
0.704610347860875
0.696803108019898
0.688575329467989
0.679959151011881
0.670987488224449
0.661693854720044
0.652112165172550
0.642276524625798
0.632221009543476
0.621979446661896
0.611585195976919
0.601070944080465
0.590468513563787
0.579808693363188
0.569121093810880
0.558434028863626
0.547774426619934
0.537167767905710
0.526638051497507
0.516207783529744
0.505897987839330
0.495728233454578
0.485716675128784
0.475880102728815
0.466233995380546
0.456792576505668
0.447568866217824
0.438574727943241
0.429820906561208
0.421317055799702
0.413071753055263
0.405092500225733
0.397385709547457
0.389956673818351
0.382809520772053
0.375947151756166
0.369371165270861
0.363081766354360
0.357077663269367
0.351355953456895
0.345912001283898
0.340739310715205
0.335829396676468
0.331171659520829
0.326753267634167
0.322559053765747
0.318571431095679
0.314770335281502
0.311133198693659
0.307634962687509
0.304248133015063
0.300942882324304
0.297687202133919
0.294447104755903
0.291186873463469
0.287869356906426
0.284456301532842
0.280908713771484
0.277187242143574
0.273252568452055
0.269065796836206
0.264588829806652
0.259784721348247
0.254617998690480
0.249054946245350
0.243063847324915
0.236615181398243
0.229681776673058
0.222238919568913
0.214264424105887
0.205738665328698
0.196644581621248
0.186967651170967
0.176695847965087
0.165819582600599
0.154331632925956
0.142227069160268
0.129503177700435
0.116159387363170
0.102197201340083
0.0876201376820725
0.0724336806762464
0.0566452450282726
0.0402641543025354
0.0233016345839246
0.00577082378776972
-0.0123132035632111
-0.0309333969737444
-0.0500706777037961
-0.0697038761833348
-0.0898096627236135
-0.110362476226549
-0.131334456712820
-0.152695388558927
-0.174412662249164
-0.196451263080762
-0.218773795463772
-0.241340551085878
-0.264109628143208
-0.287037106998802
-0.310077285026989
-0.333182970142375
-0.356305828814941
-0.379396780556971
-0.402406427319453
-0.425285503355577
-0.447985329247148
-0.470458253184004
-0.492658063317782
-0.514540356987749
-0.536062855590448
-0.557185657479010
-0.577871425127736
-0.598085506495967
-0.617795993756256
-0.636973725102703
-0.655592237125853
-0.673627676233281
-0.691058677890574
-0.707866222186520
-0.724033473540194
-0.739545611416205
-0.754389657829764
-0.768554306311678
-0.782029755942569
-0.794807553106092
-0.806880442780777
-0.818242230499231
-0.828887655549488
-0.838812275565537
-0.848012362337383
-0.856484808448444
-0.864227044202703
-0.871236964220169
-0.877512863042908
-0.883053379093492
-0.887857446353464
-0.891924253173591
-0.895253207684491
-0.897843909340914
-0.899696126202577
-0.900809777626534
-0.901184922119213
-0.900821750169562
-0.899720581957738
-0.897881869906272
-0.895306206112556
-0.891994334772997
-0.887947169779955
-0.883165817742724
-0.877651606752435
-0.871406121277236
-0.864431243636559
-0.856729202559665
-0.848302629380501
-0.839154622453861
-0.829288820391059
-0.818709484699377
-0.807421592359203
-0.795430938775120
-0.782744251379245
-0.769369313932854
-0.755315101250536
-0.740591923645406
-0.725211579851803
-0.709187516515875
-0.692534991554959
-0.675271237786432
-0.657415622244843
-0.638989795592922
-0.620017825061634
-0.600526303526162
-0.580544426759807
-0.560104030741231
-0.539239581256300
-0.517988109046433
-0.496389085476448
-0.474484236119868
-0.452317292689639
-0.429933687177688
-0.407380195616871
-0.384704542191272
-0.361954977128930
-0.339179843591983
-0.316427149409766
-0.293744158897978
-0.271177018245703
-0.248770425248692
-0.226567350842336
-0.204608816309189
-0.182933726561350
-0.161578756825045
-0.140578287590118
-0.119964380935402
-0.0997667903125501
-0.0800129955015476
-0.0607282546282586
-0.0419356657225272
-0.0236562311580050
-0.00590891932956633
0.0112892810085514
0.0279233172740950
0.0439800430094675
0.0594482029228207
0.0743184339010031
0.0885832821894279
0.102237236326159
0.115276774870495
0.127700427458226
0.139508847225377
0.150704892151362
0.161293712367861
0.171282839955429
0.180682277208756
0.189504578807985
0.197764922814237
0.205481164952907
0.212673870312114
0.219366316430544
0.225584461850417
0.231356874638212
0.236714616188710
0.241691076864932
0.246321761691167
0.250644026366072
0.254696766203354
0.258520063092401
0.262154798011323
0.265642238807093
0.269023614670199
0.272339689793842
0.275630348998354
0.278934207576668
0.282288256319743
0.285727550736033
0.289284951073024
0.292990917103055
0.296873358975975
0.300957542969816
0.305266048844865
0.309818773827843
0.314632977064956
0.319723357678124
0.325102159290769
0.330779293985839
0.336762479034839
0.343057380307372
0.349667756958748
0.356595602733768
0.363841279968215
0.371403643081369
0.379280149012279
0.387466952650654
0.395958985850330
0.404750019096599
0.413832705339999
0.423198605923194
0.432838198929755
0.442740870689298
0.452894891595485
0.463287377841663
0.473904241157980
0.484730129141875
0.495748359300745
0.506940850451861
0.518288055620453
0.529768901002268
0.541360735862978
0.553039298379320
0.564778702330636
0.576551449176258
0.588328469370356
0.600079195761454
0.611771670620270
0.623372686293929
0.634847957789985
0.646162323872887
0.657279971649353
0.668164678269866
0.678780062405892
0.689089837666113
0.699058060131548
0.708649362706361
0.717829169934801
0.726563888220552
0.734821067873259
0.742569534961864
0.749779492449473
0.756422591417020
0.762471974281194
0.767902292737843
0.772689703707677
0.776811846844281
0.780247807220205
0.782978066680368
0.784984447091446
0.786250048367880
0.786759183760612
0.786497314487736
0.785450985393079
0.783607762958242
0.780956176678229
0.777485664547973
0.773186523199976
0.768049863082941
0.762067568976424
0.755232266095636
0.747537292051271
0.738976674989938
0.729545118349891
0.719237992823294
0.708051336319850
0.695981862976789
0.683026982556536
0.669184831914283
0.654454320599980
0.638835193076182
0.622328110473165
0.604934755246218
0.586657962516781
0.567501882223804
0.547472176419232
0.526576256022116
0.504823560980039
0.482225886922737
0.458797759848718
0.434556857957964
0.409524476230132
0.383726024587301
0.357191544417046
0.329956221000236
0.302060861416526
0.273552299607757
0.244483683727158
0.214914597349510
0.184910967417699
0.154544719610103
0.123893157039387
0.0930380604176270
0.0620645349084605
0.0310596570251795
0.000110999273717528
-0.0306948739665383
-0.0612738419048742
-0.0915455055484686
-0.121434239791506
-0.150869977145966
-0.179788709421749
-0.208132719491972
-0.235850575110967
-0.262896929094085
-0.289232175174896
-0.314822007829764
-0.339636929145756
-0.363651738272662
-0.386845030703496
-0.409198726681867
-0.430697641102982
-0.451329101654500
-0.471082617671443
-0.489949599136457
-0.507923123246991
-0.524997744777531
-0.541169345882960
-0.556435020841971
-0.570792991384582
-0.584242548575293
-0.596784017651778
-0.608418742689665
-0.619149088435950
-0.628978457098626
-0.637911318278773
-0.645953250569975
-0.653110993618195
-0.659392509624803
-0.664807053378585
-0.669365249912096
-0.673079178786625
-0.675962463812299
-0.678030366701521
-0.679299882734558
-0.679789835991365
-0.679520971087950
-0.678516037674672
-0.676799863248736
-0.674399409161344
-0.671343804137078
-0.667664349260421
-0.663394488323923
-0.658569737777164
-0.653227571354744
-0.647407255853070
-0.641149636477185
-0.634496872630059
-0.627492127830193
-0.620179220405676
-0.612602244451599
-0.604805172953003
-0.596831456682641
-0.588723633258664
-0.580522960470663
-0.572269086657657
-0.563999768681060
-0.555750645118016
-0.547555069011685
-0.539444001179167
-0.531445961990060
-0.523587036919114
-0.515890929189239
-0.508379051511312
-0.501070648271543
-0.493982939433726
-0.487131277795585
-0.480529311935138
-0.474189148078835
-0.468121505108372
-0.462335857911060
-0.456840565207078
-0.451642978817083
-0.446749532046527
-0.442165805455527
-0.437896568764293
-0.433945798031171
-0.430316667556594
-0.427011516238316
-0.424031788360441
-0.421377949071487
-0.419049375125859
-0.417044221859480
-0.415359267872790
-0.413989739528333
-0.412929118154857
-0.412168933794034
-0.411698550423502
-0.411504948813943
-0.411572514475147
-0.411882839431459
-0.412414547722521
-0.413143155400411
-0.414040976216461
-0.415077083980702
-0.416217341573812
-0.417424504685620
-0.418658405520017
-0.419876218030901
-0.421032801953311
-0.422081118306532
-0.422972704600676
-0.423658194139140
-0.424087861004340
-0.424212170862715
-0.423982317782302
-0.423350728785886
-0.422271520647182
-0.420700897119881
-0.418597478939448
-0.415922563121727
-0.412640311926540
-0.408717875084875
-0.404125451349503
-0.398836297078875
-0.392826690452970
-0.386075860161130
-0.378565887142852
-0.370281587357748
-0.361210382754317
-0.351342166719681
-0.340669169417485
-0.329185827623967
-0.316888662992837
-0.303776172136673
-0.289848731508139
-0.275108519787381
-0.259559460311538
-0.243207185989474
-0.226059029093096
-0.208124038262512
-0.189413024953671
-0.169938641333191
-0.149715491214772
-0.128760274954519
-0.107091968191280
-0.0847320328441465
-0.0617046567841246
-0.0380370160295343
-0.0137595501760268
0.0110937618527636
0.0364851425552666
0.0623727937602044
0.0887107355965145
0.115448732416727
0.142532331544272
0.169903037971881
0.197498642176729
0.225253708959992
0.253100223175305
0.280968374552382
0.308787450284005
0.336486792646428
0.363996771549853
0.391249719867680
0.418180783052522
0.444728643272809
0.470836090598176
0.496450427645915
0.521523707573236
0.546012816736333
0.569879421728785
0.593089805516985
0.615614619229459
0.637428575422696
0.658510106097731
0.678841005136309
0.698406070807392
0.717192760045015
0.735190862628801
0.752392200374381
0.768790354016999
0.784380418627236
0.799158787069126
0.813122960114099
0.826271381271704
0.838603294108277
0.850118619727058
0.860817852119802
0.870701969224949
0.879772357706527
0.888030749675770
0.895479169796336
0.902119891431874
0.907955400704093
0.912988367525853
0.917221622855152
0.920658141581463
0.923301030606223
0.925153521815292
0.926218969764303
0.926500854009350
0.926002786116828
0.924728521478494
0.922681976141908
0.919867248942576
0.916288649292366
0.911950731038179
0.906858332853962
0.901016625665412
0.894431167626560
0.887107967166150
0.879053554593177
0.870275062687613
0.860780316595379
0.850577933185759
0.839677429803826
0.828089342048693
0.815825349820385
0.802898410395834
0.789322896714788
0.775114738383176
0.760291562149053
0.744872827802604
0.728879954641327
0.712336432887585
0.695267913829432
0.677702272073836
0.659669633258416
0.641202360964348
0.622334997489659
0.603104154620612
0.583548352563834
0.563707807686848
0.543624172497422
0.523340234142970
0.502899580355936
0.482346243926816
0.461724338204560
0.441077696631505
0.420449528849870
0.399882104521138
0.379416473840195
0.359092231046203
0.338947324316631
0.319017912561453
0.299338267052364
0.279940713701705
0.260855610244861
0.242111351601248
0.223734396254898
0.205749306525834
0.188178795995802
0.171043777998608
0.154363409887193
0.138155128662967
0.122434674434919
0.107216099023835
0.0925117578168956
0.0783322837020613
0.0646865425744608
0.0515815705217728
0.0390224933815036
0.0270124299419303
0.0155523806524227
0.00464110433744899
-0.00572501391370268
-0.0155520997762272
-0.0248489269489855
-0.0336270491392470
-0.0419009204591081
-0.0496879971723885
-0.0570088131226396
-0.0638870207989025
-0.0703493899632615
-0.0764257561822351
-0.0821489125687545
-0.0875544396174522
-0.0926804702162013
-0.0975673896850181
-0.102257473893173
-0.106794471920628
-0.111223143080271
-0.115588761087870
-0.119936600449565
-0.124311421477857
-0.128756970587411
-0.133315511625457
-0.138027402051901
-0.142930725010070
-0.148060985009490
-0.153450871401728
-0.159130090382447
-0.165125263160397
-0.171459885384322
-0.178154341013851
-0.185225962581759
-0.192689129178416
-0.200555393405351
-0.208833628879867
-0.217530190506928
-0.226649080556309
-0.236192114497467
-0.246159081477806
-0.256547895230066
-0.267354732029467
-0.278574153076259
-0.290199209353085
-0.302221527607771
-0.314631376656358
-0.327417713707819
-0.340568210902196
-0.354069262748687
-0.367905975667662
-0.382062141394854
-0.396520196604214
-0.411261171746657
-0.426264632772467
-0.441508620079327
-0.456969589665142
-0.472622362009405
-0.488440084590467
-0.504394214091915
-0.520454524182158
-0.536589144200143
-0.552764633103020
-0.568946091621256
-0.585097313763716
-0.601180976714191
-0.617158865908240
-0.632992129862253
-0.648641557351668
-0.664067868000784
-0.679232006412983
-0.694095429734861
-0.708620379029052
-0.722770125965217
-0.736509187993212
-0.749803507155341
-0.762620589824345
-0.774929606727890
-0.786701454477779
-0.797908781348989
-0.808525981187588
-0.818529160054357
-0.827896080558848
-0.836606088860482
-0.844640029078306
-0.851980149432092
-0.858610003903790
-0.864514352619312
-0.869679063553866
-0.874091017594367
-0.877738018473259
-0.880608708632825
-0.882692491693639
-0.883979461885426
-0.884460340549850
-0.884126419637076
-0.882969511984789
-0.880981908083140
-0.878156338985732
-0.874485945020013
-0.869964249976303
-0.864585140510056
-0.858342850575286
-0.851231950817708
-0.843247342994541
-0.834384259655817
-0.824638269521588
-0.814005289224007
-0.802481602356368
-0.790063887086601
-0.776749253953964
-0.762535295876929
-0.747420152857639
-0.731402594370146
-0.714482122955795
-0.696659103100604
-0.677934920003473
-0.658312173308835
-0.637794911195980
-0.616388910279428
-0.594102006430398
-0.570944480682835
-0.546929502597708
-0.522073630550890
-0.496397364100795
-0.469925737648264
-0.442688936924700
-0.414722910597110
-0.386069939031537
-0.356779112133595
-0.326906659940415
-0.296516075581468
-0.265677972903380
-0.234469632647217
-0.202974212564767
-0.171279627232822
-0.139477139055609
-0.107659737296913
-0.0759204101514417
-0.0443504298028401
-0.0130377686983302
0.0179342527676872
0.0484880173275326
0.0785523271498868
0.108062787315234
0.136961887498527
0.165198832563009
0.192729182376607
0.219514362042118
0.245521098270453
0.270720828441521
0.295089118271479
0.318605113607039
0.341251042717233
0.363011778023707
0.383874460585815
0.403828186683818
0.422863753254892
0.440973457433647
0.458150944750205
0.474391100404658
0.489689978275252
0.504044762783185
0.517453759322851
0.529916409596739
0.541433328815830
0.552006362301810
0.561638659529371
0.570334764053719
0.578100718061031
0.584944180439291
0.590874557274194
0.595903143509164
0.600043274149678
0.603310482821952
0.605722664702902
0.607300239822004
0.608066311515093
0.608046813431581
0.607270637042476
0.605769730193401
0.603579156068108
0.600737101191015
0.597284821048045
0.593266512790135
0.588729106507680
0.583721969836563
0.578296525137530
0.572505783948810
0.566403809409908
0.560045123278032
0.553484079292902
0.546774228290830
0.539967702073052
0.533114642307942
0.526262697735042
0.519456608013120
0.512737886343941
0.506144606271581
0.499711291561277
0.493468902431270
0.487444907067423
0.481663424481510
0.476145423355171
0.470908961357919
0.465969450260131
0.461339933669248
0.457031366103874
0.453052884137563
0.449412062303509
0.446115148227150
0.443167272973933
0.440572633836144
0.438334647738808
0.436456074144237
0.434939106813487
0.433785434082722
0.432996267476754
0.432572338554348
0.432513863903109
0.432820478217791
0.433491135447377
0.434523978126552
0.435916175261435
0.437663729564361
0.439761255474777
0.442201730306718
0.444976222063127
0.448073598972271
0.451480227623015
0.455179668654558
0.459152381188998
0.463375449411827
0.467822346664778
0.472462753809808
0.477262449101998
0.482183286023111
0.487183273190696
0.492216766425037
0.497234777397496
0.502185396333619
0.507014318606954
0.511665457551328
0.516081619350194
0.520205211274298
0.523978952444101
0.527346556944772
0.530253362366213
0.532646882158521
0.534477266813448
0.535697665940360
0.536264489999187
0.536137576162958
0.535280267131838
0.533659414578931
0.531245320351116
0.528011628792943
0.523935182898002
0.518995855724462
0.513176366916482
0.506462092477260
0.498840874309897
0.490302834590117
0.480840198823458
0.470447130495773
0.459119579550779
0.446855146507128
0.433652963835988
0.419513596230475
0.404438961581379
0.388432274800052
0.371498017069129
0.353641933622239
0.334871063716167
0.315193807013950
0.294620031079256
0.273161225001890
0.250830704211282
0.227643871130905
0.203618535280846
0.178775294506477
0.153137975928640
0.126734130709704
0.0995955706072615
0.0717589264946197
0.0432661997955523
0.0141652677652504
-0.0154897060410194
-0.0456380121229500
-0.0762123450385074
-0.107139017720032
-0.138338481698931
-0.169726172231512
-0.201213666615549
-0.232710109014707
-0.264123821679257
-0.295363997110466
-0.326342353937153
-0.356974643756649
-0.387181915965668
-0.416891478333414
-0.446037526435988
-0.474561448648320
-0.502411840238730
-0.529544277635596
-0.555920911880784
-0.581509940126221
-0.606285008129970
-0.630224587556085
-0.653311361592727
-0.675531642489714
-0.696874835981248
-0.717332960599407
-0.736900224643588
-0.755572659884928
-0.773347808689253
-0.790224459850538
-0.806202427773238
-0.821282369501460
-0.835465634288083
-0.848754140794254
-0.861150277513737
-0.872656822561947
-0.883276879513790
-0.893013826491730
-0.901871276181814
-0.909853044884295
-0.916963129086045
-0.923205688375961
-0.928585033815854
-0.933105621132500
-0.936772048316302
-0.939589057403207
-0.941561540383238
-0.942694549325092
-0.942993310934755
-0.942463245879232
-0.941109993305917
-0.938939441074239
-0.935957762288649
-0.932171458778988
-0.927587412212734
-0.922212943539096
-0.916055881450832
-0.909124640498112
-0.901428309389289
-0.892976749854284
-0.883780706213710
-0.873851925476491
-0.863203287366221
-0.851848943139829
-0.839804461403383
-0.827086978349523
-0.813715348951081
-0.799710294674723
-0.785094542276630
-0.769892947283405
-0.754132594945265
-0.737842870897389
-0.721055493615734
-0.703804501141757
-0.686126185590393
-0.668058970713331
-0.649643230256387
-0.630921047921038
-0.611935923206599
-0.592732430967692
-0.573355845804851
-0.553851745036139
-0.534265605645148
-0.514642411045229
-0.495026282670993
-0.475460149401538
-0.455985464878790
-0.436641979256023
-0.417467568185719
-0.398498118302812
-0.379767465378527
-0.361307378910090
-0.343147585261640
-0.325315820572518
-0.307837904416700
-0.290737825501777
-0.274037831389161
-0.257758515154915
-0.241918892967170
-0.226536467633109
-0.211627274196685
-0.197205904606014
-0.183285509298771
-0.169877774276056
-0.156992872865165
-0.144639391934934
-0.132824232855740
-0.121552488025794
-0.110827294353447
-0.100649665728704
-0.0910183072691653
-0.0819294150128650
-0.0733764657681788
-0.0653500030179502
-0.0578374260865808
-0.0508227911605626
-0.0442866341138760
-0.0382058262990756
-0.0325534753531642
-0.0272988834347795
-0.0224075749441819
-0.0178414044855338
-0.0135587534727698
-0.00951482031463346
-0.00566200463631857
-0.00195038075987421
0.00167174991378491
0.00525724336637869
0.00885945461993807
0.0125315602196982
0.0163258867005703
0.0202932697752646
0.0244824666629866
0.0289396400543477
0.0337079271631886
0.0388271017312895
0.0443333313104367
0.0502590271462942
0.0566327798859187
0.0634793713164242
0.0708198504510764
0.0786716614212711
0.0870488106365912
0.0959620613291875
0.105419144688185
0.115424978121456
0.125981882598838
0.137089792416976
0.148746452005843
0.160947595529803
0.173687106008974
0.186957151507534
0.200748296626946
0.215049588135675
0.229848614100126
0.245131536393985
0.260883096994649
0.277086599063654
0.293723864485962
0.310775170335932
0.328219167659353
0.346032787008212
0.364191136312692
0.382667397870525
0.401432732392268
0.420456199043715
0.439704701124846
0.459142967250048
0.478733577478246
0.498437042642522
0.518211943065627
0.538015129933741
0.557801988968658
0.577526761949703
0.597142917465188
0.616603558462264
0.635861851160780
0.654871458075338
0.673586957482551
0.691964232723116
0.709960817091047
0.727536183420521
0.744651971415064
0.761272149825239
0.777363114362737
0.792893725429098
0.807835292146979
0.822161510745760
0.835848366110672
0.848874005369373
0.861218591916410
0.872864147430206
0.883794388373700
0.893994562318892
0.903451288296729
0.912152404315824
0.920086824257817
0.927244405563218
0.933615828472552
0.939192487075896
0.943966392035426
0.947930084563277
0.951076561043121
0.953399207561584
0.954891743550108
0.955548173716240
0.955362747455508
0.954329924972859
0.952444349400265
0.949700824270480
0.946094295793686
0.941619839482840
0.936272650785313
0.930048039504051
0.922941427933500
0.914948352797012
0.906064471257566
0.896285571487239
0.885607588528543
0.874026626468829
0.861538988283917
0.848141215095763
0.833830137037199
0.818602938429169
0.802457240553584
0.785391205943789
0.767403668801551
0.748494296857673
0.728663790675951
0.707914126981930
0.686248852964589
0.663673438486541
0.640195692521103
0.615826248619053
0.590579121435538
0.564472331916927
0.537528592268624
0.509776033019720
0.481248943358507
0.451988482902432
0.422043309366298
0.391470054277987
0.360333570941284
0.328706878832082
0.296670739946160
0.264312827370267
0.231726483953256
0.199009115270242
0.166260308488437
0.133579807674260
0.101065497637918
0.0688115473000808
0.0369068399673165
0.00543377743614862
-0.0255325033858428
-0.0559245090040421
-0.0856824076202038
-0.114753755414147
-0.143093009051365
-0.170660901316897
-0.197423747718169
-0.223352738774670
-0.248423258514917
-0.272614256467648
-0.295907689279603
-0.318288039415860
-0.339741912130482
-0.360257707712244
-0.379825363493453
-0.398436158841725
-0.416082575969494
-0.432758209599345
-0.448457719090838
-0.463176817404000
-0.476912292132248
-0.489662054705579
-0.501425214690562
-0.512202176859814
-0.521994759341254
-0.530806331660512
-0.538641971831070
-0.545508641794744
-0.551415380433347
-0.556373513018970
-0.560396875300341
-0.563502049392980
-0.565708607217741
-0.567039355404126
-0.567520573367684
-0.567182233768846
-0.566058191926606
-0.564186328254030
-0.561608625767454
-0.558371163653825
-0.554524008268884
-0.550120985266362
-0.545219321174173
-0.539879149723554
-0.534162887306174
-0.528134492341795
-0.521858633928944
-0.515399804499936
-0.508821417873506
-0.502184936951413
-0.495549073765303
-0.488969098793269
-0.482496287277950
-0.476177519044389
-0.470055036598156
-0.464166355532623
-0.458544312577956
-0.453217230583561
-0.448209176452699
-0.443540287264453
-0.439227141001651
-0.435283150834486
-0.431718965190912
-0.428542859375464
-0.425761107907132
-0.423378329794610
-0.421397801527222
-0.419821734591863
-0.418651515848791
-0.417887910165271
-0.417531225385915
-0.417581440086135
-0.418038294681589
-0.418901346416292
-0.420169988582256
-0.421843434084863
-0.423920663207312
-0.426400335189489
-0.429280663068178
-0.432559251177542
-0.436232894838370
-0.440297342136510
-0.444747018376453
-0.449574714869766
-0.454771245250440
-0.460325074554040
-0.466221928874004
-0.472444396477061
-0.478971534694413
-0.485778500466103
-0.492836225730045
-0.500111161408927
-0.507565114952321
-0.515155205606896
-0.522833958278153
-0.530549550720806
-0.538246219956503
-0.545864822871573
-0.553343534004140
-0.560618652078109
-0.567625477493368
-0.574299217141244
-0.580575871461327
-0.586393061740870
-0.591690762677102
-0.596411914976671
-0.600502903748794
-0.603913899171112
-0.606599065169581
-0.608516648898866
-0.609628968353549
-0.609902317598543
-0.609306809267343
-0.607816172660420
-0.605407523521926
-0.602061118857421
-0.597760107352495
-0.592490283323223
-0.586239849833174
-0.578999194725242
-0.570760681858098
-0.561518458787230
-0.551268281449654
-0.540007356051653
-0.527734198273004
-0.514448510046597
-0.500151074514236
-0.484843670270319
-0.468529006664709
-0.451210682728584
-0.432893173198761
-0.413581846130370
-0.393283017680367
-0.372004050774078
-0.349753505465811
-0.326541349763370
-0.302379240337504
-0.277280882635019
-0.251262479114916
-0.224343272175978
-0.196546184281123
-0.167898551180646
-0.138432934396410
-0.108187985868461
-0.0772093209990251
-0.0455503372433428
-0.0132728961425989
0.0195522289708926
0.0528452443319895
0.0865176635344413
0.120473142907994
0.154608849350762
0.188817323227994
0.222988730737983
0.257013340265540
0.290784020215588
0.324198551412566
0.357161576664446
0.389586065808717
0.421394242684095
0.452517986029096
0.482898767696931
0.512487223024717
0.541242459710108
0.569131207133626
0.596126893416951
0.622208718127622
0.647360768663208
0.671571210629165
0.694831568225442
0.717136100037443
0.738481268352469
0.758865295586673
0.778287798944243
0.796749493433693
0.814251953339306
0.830797422811627
0.846388667129261
0.861028857212016
0.874721481015625
0.887470276440969
0.899279181308634
0.910152296766725
0.920093861213165
0.929108232428276
0.937199876138058
0.944373359674156
0.950633349773962
0.955984613884285
0.960432024604219
0.963980567135815
0.966635349812326
0.968401617949381
0.969284771419579
0.969290386489518
0.968424242583057
0.966692354746979
0.964101012695408
0.960656827395681
0.956366786227521
0.951238317793757
0.945279367476131
0.938498484803004
0.930904923612274
0.922508755834902
0.913320999470420
0.903353760951685
0.892620391575965
0.881135656988243
0.868915917819706
0.855979318498906
0.842345979970689
0.828038190609930
0.813080588068491
0.797500323253033
0.781327196253906
0.764593753033131
0.747335331268318
0.729590044183598
0.711398692692252
0.692804598861054
0.673853357580700
0.654592508208098
0.635071133455741
0.615339398386117
0.595448047362617
0.575447880548680
0.555389233493234
0.535321483187166
0.515292601719685
0.495348774608766
0.475534095573968
0.455890343644154
0.436456842733499
0.417270398755342
0.398365305371014
0.379773406776899
0.361524204512768
0.343644994977080
0.326161024921993
0.309095653401894
0.292470510205544
0.276305642494426
0.260619643032484
0.245429754913466
0.230751949008895
0.216600971448878
0.202990359315807
0.189932423403957
0.177438197415860
0.165517353377092
0.154178083407660
0.143426948346706
0.133268694146074
0.123706037487090
0.114739422793255
0.106366753766225
0.0985831038122894
0.0913804112852594
0.0847471673566109
0.0786681065020853
0.0731239119769100
0.0680909510785525
0.0635410572226426
0.0594413775563786
0.0557543056084727
0.0524375179012025
0.0494441311418316
0.0467229923070746
0.0442191075987370
0.0418742081514711
0.0396274411314261
0.0374161654087072
0.0351768224473325
0.0328458465753581
0.0303605753062815
0.0276601204038747
0.0246861639141708
0.0213836499031013
0.0177013512005783
0.0135922999160763
0.00901407972410465
0.00392898598904479
-0.00169593390603328
-0.00788894340742912
-0.0146737639387324
-0.0220697869425501
-0.0300923322169668
-0.0387529356623197
-0.0480596517785907
-0.0580173586610209
-0.0686280555897593
-0.0798911454409102
-0.0918036959760273
-0.104360675565902
-0.117555160083414
-0.131378508596379
-0.145820506157173
-0.160869472482061
-0.176512335703581
-0.192734670729176
-0.209520702113577
-0.226853271815534
-0.244713772823656
-0.263082050459725
-0.281936274250512
-0.301252784635143
-0.321005920453188
-0.341167835109035
-0.361708311447887
-0.382594587557756
-0.403791207703907
-0.425259914106790
-0.446959595935206
-0.468846311332662
-0.490873396206176
-0.512991669695969
-0.535149740742477
-0.557294413287985
-0.579371180006692
-0.601324786908868
-0.623099844691611
-0.644641458231086
-0.665895843798936
-0.686810904709555
-0.707336739975077
-0.727426066555317
-0.747034543056403
-0.766120990278674
-0.784647510958446
-0.802579516734178
-0.819885674431985
-0.836537786130563
-0.852510618281082
-0.867781694718535
-0.882331067064658
-0.896141074141497
-0.909196099892947
-0.921482337182995
-0.932987562863887
-0.943700927778968
-0.953612763924687
-0.962714409847864
-0.970998054476842
-0.978456598944787
-0.985083535520730
-0.990872842479853
-0.995818893583180
-0.999916380767180
-1.00316024864040
-1.00554563942675
-1.00706784706821
-1.00772227929160
-1.00750442654761
-1.00640983683932
-1.00443409556948
-1.00157280965011
-0.997821595233290
-0.993176068541582
-0.987631839400901
-0.981184507212429
-0.973829659246401
-0.965562871304885
-0.956379710988401
-0.946275744019407
-0.935246544332019
-0.923287708940877
-0.910394878962853
-0.896563768594363
-0.881790204356208
-0.866070177518746
-0.849399913323240
-0.831775961427472
-0.813195312925310
-0.793655550309307
-0.773155037831083
-0.751693160804654
-0.729270623385966
-0.705889815076874
-0.681555256386334
-0.656274133369134
-0.630056928659930
-0.602918152507889
-0.574877170485766
-0.545959114299065
-0.516195847966471
-0.485626943616567
-0.454300600233572
-0.422274417285525
-0.389615917408028
-0.356402703919855
-0.322722146331471
-0.288670515426587
-0.254351540484409
-0.219874430225967
-0.185351474708607
-0.150895411345642
-0.116616777989874
-0.0826214787451571
-0.0490087529261052
-0.0158696737808963
0.0167137726748353
0.0486690501269585
0.0799329517653408
0.110451105179492
0.140177219735188
0.169072186405475
0.197103122202626
0.224242429235134
0.250466916507924
0.275757013576325
0.300096090198946
0.323469885303575
0.345866041387717
0.367273736187016
0.387683401306606
0.407086516862321
0.425475471496312
0.442843478026438
0.459184536189634
0.474493435266193
0.488765790711358
0.501998110205116
0.514187885721786
0.525333709295370
0.535435411099061
0.544494219251938
0.552512941391496
0.559496168476446
0.565450501466678
0.570384801408210
0.574310462957377
0.577241710424747
0.579195913913766
0.580193920986849
0.580260396454834
0.579424159353891
0.577718502044068
0.575181471875452
0.571856091448521
0.567790489785113
0.563037914567314
0.557656595961094
0.551709436356057
0.545263508290299
0.538389355008028
0.531160103834206
0.523650420246754
0.515935347790895
0.508089093023626
0.500183822927823
0.492288542999898
0.484468117156625
0.476782476874178
0.469286048907221
0.462027411471842
0.455049170738001
0.448388035007001
0.442075054204678
0.436135987470371
0.430591761065101
0.425458981512219
0.420750473637425
0.416475818908693
0.412641875336321
0.409253265597144
0.406312824664134
0.403822001921487
0.401781215531852
0.400190158785013
0.399048059423699
0.398353893649448
0.398106556788481
0.398304992556057
0.398948282589490
0.400035697497964
0.401566710158660
0.403540971419847
0.405958247791930
0.408818320155439
0.412120842032087
0.415865155601583
0.420050063466008
0.424673554245298
0.429732480531592
0.435222188655574
0.441136101257936
0.447465255949074
0.454197806495654
0.461318497054625
0.468808124941174
0.476643013063005
0.484794519052757
0.493228613591566
0.501905564481198
0.510779764538196
0.519799739177602
0.528908362702047
0.538043300471702
0.547137677844822
0.556120957629090
0.564919988280050
0.573460168237401
0.581666660456533
0.589465587350139
0.596785140583709
0.603556551510104
0.609714884273741
0.615199631912686
0.619955113342091
0.623930683745849
0.627080781391573
0.629364839911210
0.630747097088880
0.631196330045293
0.630685543437314
0.629191632874950
0.626695040984064
0.623179418970056
0.618631302505793
0.613039807439722
0.606396348234171
0.598694380157105
0.589929164978815
0.580097559169508
0.569197823257719
0.557229451008271
0.544193017343469
0.530090044410843
0.514922885859650
0.498694630205143
0.481409025124330
0.463070425637901
0.443683770392786
0.423254591670433
0.401789066301417
0.379294116343505
0.355777570121066
0.331248395918562
0.305717022077759
0.279195758158166
0.251699331714940
0.223245553461714
0.193856119230674
0.163557549135160
0.132382251517390
0.100369680648187
0.0675675324216363
0.0340328925011019
-0.000166780244028664
-0.0349529795421488
-0.0702359455339012
-0.105915076163732
-0.141880064468704
-0.178012794374675
-0.214189925307741
-0.250285986322549
-0.286176710232413
-0.321742292661365
-0.356870273806593
-0.391457808307545
-0.425413191340445
-0.458656619547530
-0.491120258885345
-0.522747753013321
-0.553493332242125
-0.583320680115800
-0.612201692527494
-0.640115233127568
-0.667045956617047
-0.692983243200593
-0.717920265170175
-0.741853190594259
-0.764780518640373
-0.786702534985425
-0.807620872861780
-0.827538164506767
-0.846457768318223
-0.864383558284447
-0.881319763857765
-0.897270850126003
-0.912241429757732
-0.926236199677150
-0.939259896729896
-0.951317267725804
-0.962413050197962
-0.972551961016397
-0.981738690659066
-0.989977901492822
-0.997274228871403
-1.00363228423339
-1.00905665969517
-1.01355193389522
-1.01712267906732
-1.01977346951074
-1.02150889179329
-1.02233355717413
-1.02225211687406
-1.02126928095479
-1.01938984169981
-1.01661870252010
-1.01296091353900
-1.00842171514194
-1.00300659090615
-0.996721331448692
-0.989572110839851
-0.981565577312067
-0.972708960035748
-0.963010193709659
-0.952478062596452
-0.941122365386161
-0.928954101847714
-0.915985681579665
-0.902231154241411
-0.887706459382033
-0.872429692343113
-0.856421380676266
-0.839704763109413
-0.822306060405275
-0.804254724653883
-0.785583650903922
-0.766329332948884
-0.746531944016702
-0.726235323578387
-0.705486853956980
-0.684337215180490
-0.662840013581520
-0.641051288598571
-0.619028912234732
-0.596831905461519
-0.574519704115641
-0.552151412211843
-0.529785082160160
-0.507477058821101
-0.485281418047092
-0.463249521340814
-0.441429697881219
-0.419867054863617
-0.398603408094647
-0.377677317897335
-0.357124210970701
-0.336976566848400
-0.317264147645934
-0.298014251349896
-0.279251971425139
-0.261000448492993
-0.243281102868224
-0.226113839558367
-0.209517219763131
-0.193508594891956
-0.178104200638828
-0.163319209752940
-0.149167742883789
-0.135662837333863
-0.122816373799166
-0.110638961295327
-0.0991397805327830
-0.0883263860967620
-0.0782044679877419
-0.0687775734719854
-0.0600467908712841
-0.0520103979823071
-0.0446634793536326
-0.0379975187454457
-0.0319999758059945
-0.0266538593178202
-0.0219373132046453
-0.0178232356302114
-0.0142789555872340
-0.0112659948136202
-0.00873994496455752
-0.00665048989111284
-0.00494159982952377
-0.00355191769963384
-0.00241534738243342
-0.00146184025701583
-0.000618360614504949
0.000190005321741008
0.00103884591641680
0.00200318500452025
0.00315626978967685
0.00456844572013625
0.00630616954047575
0.00843119835937294
0.0109999767531228
0.0140632279289950
0.0176657407780215
0.0218463336001646
0.0266379679916974
0.0320679827818536
0.0381584174500302
0.0449263963484857
0.0523845484474158
0.0605414414465144
0.0694020133607788
0.0789679886748404
0.0892382696258308
0.100209296011917
0.111875369121213
0.124228936984230
0.137260839256271
0.150960510731785
0.165316142880306
0.180314802968186
0.195942510381124
0.212184269773311
0.229024060721011
0.246444783732704
0.264428162847484
0.282954605723848
0.302003023167252
0.321550611544912
0.341572603548466
0.362041995308799
0.382929260897802
0.404202068630167
0.425825017042218
0.447759411569508
0.469963105226296
0.492390427365189
0.514992223211487
0.537716022799204
0.560506350957993
0.583305180345696
0.606052517981254
0.628687103630136
0.651147187403438
0.673371345758102
0.695299291084815
0.716872630915443
0.738035538294090
0.758735304053313
0.778922753087044
0.798552518497523
0.817583178177296
0.835977266871383
0.853701182501090
0.870725008487766
0.887022274346048
0.902569675494226
0.917346770689953
0.931335672327577
0.944520741498087
0.956888296545520
0.968426341056159
0.979124314884118
0.988972869967270
0.997963671289723
1.00608922234308
1.01334271375989
1.01971789337025
1.02520895570482
1.02981044888052
1.03351719681759
1.03632423481298
1.03822675661266
1.03922007126386
1.03929956817719
1.03846068897867
1.03669890487923
1.03400969843150
1.03038854868135
1.02583091885530
1.02033224585821
1.01388793099062
1.00649333143864
0.998143752243775
0.988834438635562
0.978560568810865
0.967317247481806
0.955099500799243
0.941902273604078
0.927720430379921
0.912548761796267
0.896381999362687
0.879214841486164
0.861041995162426
0.841858238665882
0.821658511957277
0.800438043121978
0.778192520986317
0.754918326105063
0.730612834485643
0.705274810542929
0.678904907557818
0.651506294847263
0.623085430188334
0.593652992701252
0.563224983972702
0.531823992012321
0.499480591995339
0.466234828506711
0.432137686480696
0.397252415248531
0.361655529068769
0.325437279768358
0.288701397547966
0.251563938841785
0.214151172328642
0.176596568312488
0.139037107474588
0.101609253973244
0.0644450064321828
0.0276684260851708
-0.00860705154484134
-0.0442803575117953
-0.0792635701675842
-0.113481846971743
-0.146872695069230
-0.179384795058290
-0.210976579967784
-0.241614735608135
-0.271272743783837
-0.299929546761926
-0.327568375543986
-0.354175757793301
-0.379740703281309
-0.404254053877701
-0.427707979565525
-0.450095600027237
-0.471410711672853
-0.491647601587951
-0.510800932105649
-0.528865682136653
-0.545837133783024
-0.561710894989399
-0.576482950998074
-0.590149739162803
-0.602708243254186
-0.614156104780411
-0.624491750075295
-0.633714532991214
-0.641824893989483
-0.648824537245662
-0.654716628068425
-0.659506013436224
-0.663199468733011
-0.665805973734179
-0.667337020449788
-0.667806954437965
-0.667233349495570
-0.665637413040658
-0.663044415857788
-0.659484135071643
-0.654991293251950
-0.649605969638987
-0.643373952116962
-0.636346991637667
-0.628582915613387
-0.620145555010512
-0.611104443260909
-0.601534255154580
-0.591513971225903
-0.581125777030132
-0.570453734611573
-0.559582291254789
-0.548594713259205
-0.537571545297887
-0.526589195919832
-0.515718736601394
-0.505024977945356
-0.494565856767175
-0.484392137277045
-0.474547403117762
-0.465068297784618
-0.455984960096873
-0.447321598351028
-0.439097149884081
-0.431325979882072
-0.424018582349566
-0.417182255585610
-0.410821733193518
-0.404939758980765
-0.399537599862073
-0.394615495102206
-0.390173043109653
-0.386209528762951
-0.382724195168266
-0.379716464034141
-0.377186108692213
-0.375133383334419
-0.373559111383040
-0.372464735133634
-0.371852327962108
-0.371724569498620
-0.372084683265328
-0.372936335371151
-0.374283491976038
-0.376130232410282
-0.378480514107439
-0.381337884952820
-0.384705138365457
-0.388583906562660
-0.392974188191964
-0.397873808092637
-0.403277809644890
-0.409177784270925
-0.415561148424149
-0.422410385979211
-0.429702283217094
-0.437407194103324
-0.445488384269291
-0.453901511388183
-0.462594305267786
-0.471506510424988
-0.480570144847570
-0.489710109770912
-0.498845157098466
-0.507889186426137
-0.516752807598438
-0.525345073760485
-0.533575270114339
-0.541354639101978
-0.548597934246920
-0.555224719592472
-0.561160364195696
-0.566336715167478
-0.570692462754296
-0.574173233312558
-0.576731459370045
-0.578326080865541
-0.578922129890869
-0.578490245080374
-0.577006153341223
-0.574450147592230
-0.570806580729857
-0.566063388812401
-0.560211650700847
-0.553245187109864
-0.545160199049709
-0.535954943760271
-0.525629445224039
-0.514185235989078
-0.501625127165789
